7.341081 0.092593 0.055556 0.037037 0.037037 0.037037 0.074074 0.064815 0.074074 0.037037 0.064815 0.074074 0.046296 0.027778 0.064815 0.055556 0.055556 0.101852 
6.239919 0.043478 0.024845 0.031056 0.031056 0.105590 0.062112 0.024845 0.031056 0.049689 0.043478 0.130435 0.111801 0.093168 0.055901 0.049689 0.049689 0.062112 
6.755195 0.062112 0.068323 0.068323 0.037267 0.055901 0.024845 0.074534 0.074534 0.049689 0.049689 0.043478 0.068323 0.074534 0.068323 0.074534 0.049689 0.055901 
5.741916 0.037037 0.009259 0.055556 0.064815 0.037037 0.046296 0.111111 0.037037 0.074074 0.055556 0.009259 0.064815 0.037037 0.194444 0.055556 0.046296 0.064815 
4.880628 0.028777 0.035971 0.043165 0.057554 0.028777 0.086331 0.115108 0.064748 0.035971 0.086331 0.028777 0.086331 0.100719 0.086331 0.071942 0.021583 0.021583 
4.148534 0.037313 0.037313 0.067164 0.029851 0.037313 0.104478 0.029851 0.059701 0.074627 0.052239 0.052239 0.044776 0.111940 0.067164 0.074627 0.029851 0.089552 
3.526254 0.036697 0.045872 0.036697 0.082569 0.055046 0.055046 0.036697 0.082569 0.137615 0.064220 0.073394 0.073394 0.064220 0.055046 0.045872 0.036697 0.018349 
2.997316 0.037267 0.024845 0.006211 0.043478 0.024845 0.068323 0.037267 0.068323 0.068323 0.074534 0.099379 0.105590 0.062112 0.055901 0.124224 0.012422 0.086957 
2.547719 0.018868 0.028302 0.066038 0.066038 0.000000 0.047170 0.113208 0.037736 0.056604 0.037736 0.084906 0.084906 0.056604 0.122642 0.084906 0.028302 0.066038 
2.165561 0.024845 0.155280 0.055901 0.031056 0.074534 0.055901 0.062112 0.024845 0.037267 0.062112 0.055901 0.037267 0.068323 0.068323 0.093168 0.031056 0.062112 
1.840727 0.049689 0.024845 0.018634 0.031056 0.037267 0.093168 0.037267 0.043478 0.037267 0.062112 0.055901 0.080745 0.093168 0.099379 0.074534 0.043478 0.118012 
1.564618 0.043478 0.043478 0.055901 0.055901 0.062112 0.055901 0.068323 0.068323 0.037267 0.043478 0.068323 0.062112 0.068323 0.068323 0.099379 0.024845 0.074534 
1.329925 0.037736 0.028302 0.047170 0.113208 0.056604 0.056604 0.028302 0.066038 0.037736 0.122642 0.037736 0.037736 0.056604 0.113208 0.037736 0.056604 0.066038 
1.130436 0.056604 0.056604 0.047170 0.028302 0.047170 0.028302 0.047170 0.028302 0.028302 0.028302 0.075472 0.188679 0.075472 0.084906 0.056604 0.037736 0.084906 
0.960871 0.018433 0.032258 0.023041 0.046083 0.046083 0.050691 0.027650 0.073733 0.110599 0.096774 0.055300 0.055300 0.059908 0.082949 0.078341 0.041475 0.101382 
0.816740 0.032680 0.026144 0.045752 0.039216 0.065359 0.058824 0.045752 0.071895 0.039216 0.084967 0.065359 0.058824 0.065359 0.084967 0.104575 0.032680 0.078431 
0.694229 0.009259 0.046296 0.009259 0.037037 0.046296 0.074074 0.055556 0.037037 0.101852 0.055556 0.074074 0.074074 0.111111 0.129630 0.064815 0.027778 0.046296 
0.590095 0.027523 0.045872 0.045872 0.027523 0.036697 0.100917 0.045872 0.082569 0.064220 0.045872 0.082569 0.073394 0.045872 0.091743 0.082569 0.045872 0.055046 
0.501581 0.031056 0.024845 0.068323 0.024845 0.043478 0.062112 0.099379 0.049689 0.049689 0.099379 0.049689 0.074534 0.093168 0.068323 0.086957 0.037267 0.037267 
0.426343 0.018349 0.045872 0.009174 0.018349 0.045872 0.036697 0.073394 0.018349 0.100917 0.100917 0.036697 0.055046 0.100917 0.055046 0.165138 0.018349 0.100917 
0.362392 0.062500 0.133929 0.044643 0.053571 0.053571 0.044643 0.053571 0.098214 0.026786 0.062500 0.062500 0.071429 0.053571 0.053571 0.035714 0.044643 0.044643 
