7.341081 0.006688 0.003864 0.006601 0.024702 0.022028 0.046153 0.041166 0.063546 0.042282 0.083204 0.271507 0.080683 0.049064 0.092566 0.078848 0.019471 0.067628 
6.239919 0.000556 0.001256 0.003914 0.002833 0.133914 0.026066 0.017524 0.022165 0.028923 0.052165 0.174081 0.135769 0.065164 0.162911 0.059106 0.072780 0.040873 
6.755195 0.000637 0.020475 0.040600 0.013801 0.043257 0.017296 0.303341 0.037438 0.043066 0.046773 0.041904 0.054333 0.074346 0.113181 0.109129 0.007807 0.032616 
5.741916 0.000102 0.000040 0.022699 0.035604 0.013460 0.049532 0.312043 0.045055 0.043570 0.059344 0.000084 0.084853 0.035749 0.208297 0.047462 0.008401 0.033704 
4.880628 0.000763 0.003450 0.013225 0.032496 0.024178 0.107823 0.103118 0.049434 0.052893 0.088866 0.027054 0.089912 0.119259 0.136575 0.113380 0.011264 0.026311 
4.148534 0.000707 0.014453 0.012194 0.020433 0.011700 0.097190 0.014007 0.073668 0.198758 0.067060 0.066277 0.079694 0.098372 0.079066 0.061163 0.013712 0.091549 
3.526254 0.012620 0.004921 0.006550 0.045891 0.026921 0.050987 0.044156 0.067105 0.163115 0.054738 0.100149 0.197521 0.056548 0.062309 0.078965 0.002314 0.025189 
2.997316 0.001244 0.006224 0.002062 0.038677 0.014983 0.055092 0.054906 0.062285 0.081833 0.081838 0.077310 0.132153 0.063901 0.095957 0.151075 0.000000 0.080461 
2.547719 0.000001 0.179284 0.022686 0.026805 0.000000 0.036102 0.121319 0.018279 0.036940 0.017090 0.101863 0.057153 0.104181 0.111254 0.099060 0.000000 0.067984 
2.165561 0.000557 0.041254 0.020930 0.015805 0.056304 0.062079 0.059946 0.019814 0.017737 0.081015 0.040001 0.040223 0.144295 0.122582 0.126647 0.006007 0.144802 
1.840727 0.000618 0.002332 0.003175 0.029450 0.016882 0.080789 0.052595 0.045155 0.038024 0.055562 0.067526 0.084071 0.099006 0.202475 0.100892 0.004192 0.117255 
1.564618 0.000205 0.005228 0.023071 0.119096 0.038844 0.030575 0.030151 0.065943 0.036903 0.062315 0.073653 0.072843 0.092699 0.112477 0.158989 0.013801 0.063207 
1.329925 0.010890 0.004471 0.023050 0.052484 0.023517 0.072170 0.038406 0.021573 0.033938 0.085829 0.038784 0.202639 0.100569 0.132328 0.030858 0.014805 0.113687 
1.130436 0.001054 0.009974 0.012405 0.016812 0.021376 0.033598 0.017366 0.023833 0.034368 0.050736 0.086282 0.229709 0.131611 0.136611 0.087838 0.003279 0.103148 
0.960871 0.000249 0.004144 0.004344 0.027119 0.018363 0.030905 0.015721 0.056608 0.146440 0.125249 0.047130 0.054784 0.085575 0.100804 0.119570 0.014080 0.148917 
0.816740 0.000856 0.001741 0.009825 0.024024 0.044124 0.068041 0.031307 0.036903 0.059901 0.093806 0.063918 0.072267 0.138058 0.119727 0.155269 0.005052 0.075182 
0.694229 0.000031 0.003737 0.003780 0.032962 0.005956 0.106210 0.012920 0.033306 0.119722 0.092622 0.069439 0.113427 0.072828 0.209705 0.083320 0.005381 0.034655 
0.590095 0.000291 0.009783 0.026082 0.011505 0.012513 0.042184 0.053738 0.057607 0.074323 0.083363 0.106741 0.077193 0.115999 0.166771 0.138419 0.000000 0.023488 
0.501581 0.000227 0.004853 0.013699 0.012222 0.034462 0.057932 0.097647 0.040260 0.078218 0.063935 0.052899 0.059828 0.141582 0.091325 0.178854 0.006526 0.065532 
0.426343 0.000790 0.118525 0.016336 0.032975 0.033999 0.007089 0.060110 0.030381 0.063039 0.088421 0.047653 0.051255 0.091922 0.052462 0.253500 0.000759 0.050782 
0.362392 0.000861 0.161795 0.032815 0.018504 0.023661 0.043908 0.047198 0.076072 0.023091 0.127906 0.053301 0.119556 0.102082 0.065428 0.041346 0.006632 0.055845 
