7.341081 0.032063 0.031986 0.035090 0.049045 0.046984 0.047792 0.048137 0.054497 0.062600 0.066658 0.134667 0.079766 0.080438 0.070782 0.070528 0.040008 0.048961 
6.239919 0.030428 0.031692 0.034217 0.033052 0.072435 0.044042 0.053601 0.053881 0.049476 0.070145 0.074656 0.070633 0.053403 0.127512 0.069801 0.079008 0.052018 
6.755195 0.030319 0.039328 0.048496 0.041527 0.054086 0.051669 0.156678 0.045634 0.056977 0.059299 0.059999 0.054753 0.061047 0.081562 0.075573 0.034890 0.048161 
5.741916 0.030104 0.030164 0.045413 0.050721 0.043709 0.070357 0.135936 0.075887 0.052187 0.070293 0.030340 0.079383 0.066409 0.070409 0.062226 0.036845 0.049615 
4.880628 0.030849 0.033070 0.039808 0.048075 0.056897 0.069983 0.058678 0.054441 0.077073 0.062953 0.060096 0.063341 0.067906 0.080645 0.080452 0.046707 0.069026 
4.148534 0.030596 0.042188 0.035713 0.051539 0.039866 0.059272 0.044765 0.068827 0.113806 0.070394 0.069923 0.086005 0.057652 0.067042 0.055789 0.044454 0.062168 
3.526254 0.040611 0.033310 0.035507 0.047150 0.045091 0.058581 0.067128 0.055078 0.066574 0.056301 0.072105 0.113042 0.057170 0.064928 0.083118 0.031946 0.072361 
2.997316 0.031127 0.038458 0.041211 0.060036 0.050362 0.057226 0.079747 0.060781 0.070442 0.067074 0.056267 0.072260 0.064738 0.087961 0.071064 0.030000 0.061243 
2.547719 0.030001 0.209134 0.039714 0.041478 0.030000 0.051643 0.060304 0.043698 0.048455 0.042807 0.063926 0.049035 0.082047 0.055652 0.062992 0.030000 0.059112 
2.165561 0.030680 0.038053 0.041349 0.045426 0.052898 0.063662 0.059255 0.054174 0.044427 0.069537 0.051690 0.062716 0.094017 0.084384 0.071204 0.035863 0.100666 
1.840727 0.030415 0.033128 0.035679 0.061604 0.045097 0.058899 0.077035 0.064613 0.064004 0.059813 0.070258 0.064700 0.065416 0.097901 0.075113 0.033214 0.063113 
1.564618 0.030145 0.033699 0.042697 0.095543 0.049239 0.046826 0.043576 0.059693 0.060463 0.074093 0.063164 0.066079 0.071740 0.080645 0.079218 0.047089 0.056089 
1.329925 0.037637 0.034180 0.042931 0.042269 0.040994 0.063741 0.065911 0.038645 0.053800 0.048520 0.057198 0.172105 0.077017 0.060932 0.051640 0.036921 0.075557 
1.130436 0.030590 0.035579 0.038326 0.048807 0.044348 0.067586 0.041656 0.056661 0.068447 0.086758 0.066196 0.068546 0.085212 0.080942 0.079131 0.032751 0.068463 
0.960871 0.030484 0.034593 0.036742 0.051044 0.044249 0.051801 0.050331 0.057454 0.077346 0.076280 0.060476 0.065425 0.081079 0.073456 0.084577 0.042140 0.082524 
0.816740 0.030861 0.032188 0.037059 0.050137 0.052191 0.068022 0.052493 0.046872 0.080210 0.066290 0.062146 0.070383 0.099433 0.076318 0.078806 0.035081 0.061509 
0.694229 0.030119 0.032848 0.044402 0.061398 0.034539 0.080586 0.038205 0.061726 0.071470 0.088819 0.063072 0.084023 0.053124 0.087074 0.075353 0.036834 0.056409 
0.590095 0.030332 0.036696 0.047851 0.043123 0.040705 0.043124 0.066779 0.051904 0.066335 0.087055 0.070587 0.063020 0.109392 0.087071 0.082632 0.030000 0.043396 
0.501581 0.030234 0.036238 0.036402 0.045709 0.055311 0.059784 0.061376 0.055873 0.080267 0.050544 0.063995 0.055632 0.078527 0.072683 0.095680 0.035592 0.086152 
0.426343 0.031220 0.103236 0.080469 0.080938 0.051008 0.035476 0.053213 0.076931 0.047705 0.054834 0.066805 0.056392 0.055817 0.057013 0.073510 0.031172 0.044263 
0.362392 0.030409 0.065871 0.051826 0.040256 0.043115 0.059204 0.056160 0.052999 0.055598 0.090766 0.055322 0.079699 0.086581 0.066265 0.064375 0.034411 0.067143 
