6166.813645 0.061728 0.074074 0.049383 0.074074 0.069959 0.082305 0.037037 0.057613 0.074074 0.053498 0.069959 0.045267 0.037037 0.053498 0.045267 0.057613 0.057613 
3700.088187 0.034247 0.010274 0.065068 0.044521 0.058219 0.095890 0.065068 0.109589 0.068493 0.065068 0.092466 0.047945 0.051370 0.068493 0.047945 0.037671 0.037671 
2220.052912 0.034682 0.069364 0.052023 0.052023 0.034682 0.046243 0.086705 0.063584 0.028902 0.034682 0.040462 0.023121 0.075145 0.063584 0.127168 0.052023 0.115607 
1332.031747 0.044728 0.041534 0.054313 0.060703 0.073482 0.086262 0.047923 0.028754 0.070288 0.079872 0.038339 0.054313 0.089457 0.070288 0.041534 0.051118 0.067093 
799.219048 0.058824 0.051471 0.066176 0.044118 0.051471 0.066176 0.029412 0.036765 0.080882 0.022059 0.044118 0.080882 0.088235 0.058824 0.058824 0.080882 0.080882 
479.531429 0.020548 0.013699 0.061644 0.041096 0.061644 0.109589 0.089041 0.116438 0.047945 0.054795 0.034247 0.047945 0.075342 0.054795 0.082192 0.027397 0.061644 
287.718857 0.036810 0.079755 0.030675 0.036810 0.049080 0.030675 0.061350 0.079755 0.024540 0.036810 0.128834 0.079755 0.067485 0.073620 0.104294 0.030675 0.049080 
200.712235 0.042945 0.030675 0.030675 0.098160 0.042945 0.092025 0.067485 0.079755 0.018405 0.134969 0.042945 0.055215 0.018405 0.098160 0.073620 0.036810 0.036810 
155.268576 0.014184 0.028369 0.042553 0.049645 0.070922 0.092199 0.078014 0.078014 0.070922 0.063830 0.035461 0.056738 0.085106 0.063830 0.049645 0.049645 0.070922 
128.218816 0.021598 0.045356 0.053996 0.041037 0.101512 0.112311 0.041037 0.041037 0.069114 0.032397 0.090713 0.045356 0.084233 0.036717 0.073434 0.056156 0.053996 
112.516941 0.029279 0.036036 0.074324 0.072072 0.064189 0.068694 0.103604 0.079955 0.036036 0.048423 0.074324 0.040541 0.063063 0.036036 0.061937 0.057432 0.054054 
102.440251 0.053215 0.049889 0.054324 0.056541 0.075388 0.097561 0.077605 0.075388 0.056541 0.046563 0.047672 0.055432 0.043237 0.058758 0.055432 0.039911 0.056541 
94.008060 0.036530 0.037671 0.075342 0.068493 0.076484 0.058219 0.054795 0.083333 0.049087 0.061644 0.068493 0.061644 0.049087 0.054795 0.063927 0.049087 0.051370 
86.859671 0.035187 0.037457 0.053348 0.060159 0.059024 0.056754 0.072645 0.073780 0.087401 0.076050 0.063564 0.059024 0.031782 0.065834 0.064699 0.028377 0.074915 
80.661152 0.021814 0.059701 0.066590 0.049369 0.083812 0.071183 0.066590 0.047072 0.081515 0.068886 0.074627 0.050517 0.059701 0.051665 0.053961 0.033295 0.059701 
75.161029 0.039036 0.030999 0.076923 0.060850 0.075775 0.082664 0.059701 0.050517 0.072331 0.048220 0.051665 0.065442 0.095293 0.044776 0.044776 0.044776 0.056257 
70.266723 0.031915 0.021277 0.058511 0.101064 0.058511 0.085106 0.053191 0.058511 0.026596 0.090426 0.106383 0.058511 0.069149 0.047872 0.031915 0.058511 0.042553 
65.949198 0.022300 0.030516 0.035211 0.096244 0.034038 0.051643 0.034038 0.118545 0.089202 0.062207 0.103286 0.066901 0.085681 0.034038 0.031690 0.053991 0.050469 
62.077767 0.033228 0.056962 0.058544 0.061709 0.077532 0.056962 0.034810 0.075949 0.066456 0.063291 0.072785 0.061709 0.055380 0.053797 0.045886 0.060127 0.064873 
58.586319 0.027523 0.056193 0.044725 0.049312 0.056193 0.080275 0.072248 0.080275 0.100917 0.052752 0.040138 0.072248 0.051606 0.051606 0.052752 0.055046 0.056193 
55.424024 0.029551 0.033097 0.056738 0.072104 0.105201 0.081560 0.073286 0.059102 0.069740 0.047281 0.062648 0.054374 0.033097 0.046099 0.057920 0.042553 0.075650 
52.568961 0.033487 0.038106 0.036952 0.078522 0.061201 0.088915 0.085450 0.057737 0.070439 0.063510 0.045035 0.065820 0.071594 0.041570 0.041570 0.055427 0.064665 
49.966839 0.034360 0.062796 0.067536 0.082938 0.072275 0.050948 0.090047 0.056872 0.042654 0.068720 0.050948 0.045024 0.049763 0.062796 0.035545 0.052133 0.074645 
47.599043 0.038005 0.047506 0.084323 0.073634 0.055819 0.051069 0.066508 0.049881 0.078385 0.066508 0.110451 0.034442 0.052257 0.040380 0.042755 0.053444 0.054632 
45.433578 0.034320 0.037870 0.067456 0.063905 0.080473 0.113609 0.062722 0.068639 0.050888 0.054438 0.066272 0.052071 0.046154 0.049704 0.036686 0.050888 0.063905 
43.446589 0.032067 0.046318 0.057007 0.053444 0.089074 0.066508 0.099762 0.061758 0.080760 0.071259 0.053444 0.036817 0.064133 0.048694 0.046318 0.032067 0.060570 
41.617137 0.024911 0.049822 0.068802 0.081851 0.069988 0.097272 0.056940 0.066429 0.030842 0.067616 0.079478 0.066429 0.047450 0.053381 0.030842 0.045077 0.062871 
39.921443 0.034360 0.035545 0.075829 0.063981 0.046209 0.071090 0.067536 0.077014 0.095972 0.056872 0.063981 0.056872 0.072275 0.040284 0.037915 0.040284 0.063981 
38.338388 0.040189 0.062648 0.070922 0.049645 0.075650 0.081560 0.066194 0.043735 0.053191 0.075650 0.067376 0.048463 0.050827 0.072104 0.050827 0.035461 0.055556 
36.863760 0.035545 0.052133 0.047393 0.058057 0.068720 0.069905 0.061611 0.082938 0.080569 0.084123 0.052133 0.050948 0.029621 0.053318 0.065166 0.058057 0.049763 
35.486673 0.036730 0.048578 0.058057 0.084123 0.068720 0.088863 0.059242 0.069905 0.054502 0.094787 0.040284 0.050948 0.060427 0.058057 0.047393 0.026066 0.053318 
34.196597 0.027316 0.065321 0.061758 0.064133 0.064133 0.070071 0.078385 0.066508 0.057007 0.074822 0.055819 0.072447 0.051069 0.047506 0.042755 0.055819 0.045131 
32.986114 0.029586 0.063905 0.074556 0.065089 0.085207 0.107692 0.062722 0.068639 0.044970 0.059172 0.047337 0.062722 0.048521 0.050888 0.018935 0.022485 0.087574 
31.831600 0.035629 0.049881 0.053444 0.076010 0.053444 0.091449 0.066508 0.070071 0.077197 0.067696 0.033254 0.061758 0.057007 0.029691 0.034442 0.067696 0.074822 
30.717494 0.024941 0.067696 0.092637 0.079572 0.054632 0.042755 0.100950 0.053444 0.060570 0.052257 0.058195 0.033254 0.074822 0.021378 0.061758 0.043943 0.077197 
29.642382 0.032067 0.066508 0.065321 0.055819 0.053444 0.073634 0.083135 0.043943 0.072447 0.034442 0.080760 0.030879 0.051069 0.054632 0.067696 0.052257 0.081948 
28.604898 0.031991 0.041469 0.072275 0.052133 0.099526 0.080569 0.078199 0.074645 0.061611 0.071090 0.061611 0.055687 0.045024 0.039100 0.036730 0.030806 0.067536 
27.603727 0.040380 0.047506 0.091449 0.061758 0.052257 0.060570 0.062945 0.076010 0.097387 0.064133 0.070071 0.052257 0.041568 0.049881 0.039192 0.040380 0.052257 
26.637596 0.026159 0.057075 0.074911 0.078478 0.063020 0.077289 0.065398 0.091558 0.049941 0.054697 0.049941 0.041617 0.071344 0.052319 0.028537 0.055886 0.061831 
25.705281 0.026159 0.067776 0.078478 0.065398 0.089180 0.063020 0.066587 0.086801 0.039239 0.061831 0.063020 0.053508 0.060642 0.032105 0.034483 0.042806 0.068966 
24.805596 0.027348 0.055886 0.095125 0.054697 0.067776 0.074911 0.074911 0.053508 0.051130 0.130797 0.038050 0.049941 0.033294 0.023781 0.039239 0.045184 0.084423 
23.937400 0.034483 0.064209 0.071344 0.082045 0.055886 0.067776 0.043995 0.083234 0.045184 0.061831 0.068966 0.057075 0.079667 0.042806 0.041617 0.045184 0.054697 
23.099591 0.035672 0.052319 0.063020 0.060642 0.107015 0.077289 0.055886 0.045184 0.117717 0.085612 0.049941 0.041617 0.041617 0.033294 0.034483 0.046373 0.052319 
22.291105 0.028470 0.078292 0.062871 0.118624 0.071174 0.061684 0.055753 0.064057 0.065243 0.039146 0.043891 0.036773 0.045077 0.048636 0.061684 0.048636 0.069988 
21.510917 0.036861 0.077289 0.085612 0.078478 0.052319 0.063020 0.064209 0.090369 0.077289 0.041617 0.055886 0.035672 0.034483 0.057075 0.040428 0.060642 0.048751 
20.758034 0.042755 0.058195 0.062945 0.052257 0.085511 0.099762 0.064133 0.061758 0.061758 0.027316 0.048694 0.074822 0.038005 0.067696 0.033254 0.051069 0.070071 
20.031503 0.028537 0.059453 0.072533 0.084423 0.087990 0.087990 0.059453 0.039239 0.077289 0.048751 0.059453 0.055886 0.059453 0.035672 0.046373 0.040428 0.057075 
19.330401 0.036861 0.068966 0.083234 0.074911 0.060642 0.080856 0.054697 0.098692 0.067776 0.039239 0.041617 0.054697 0.042806 0.036861 0.038050 0.042806 0.077289 
18.653837 0.033294 0.053508 0.090369 0.086801 0.077289 0.065398 0.048751 0.085612 0.061831 0.049941 0.035672 0.051130 0.070155 0.036861 0.032105 0.059453 0.061831 
18.000952 0.040428 0.033294 0.076100 0.082045 0.065398 0.060642 0.058264 0.103448 0.048751 0.080856 0.061831 0.053508 0.036861 0.043995 0.026159 0.042806 0.085612 
17.370919 0.028537 0.070155 0.063020 0.072533 0.086801 0.083234 0.076100 0.078478 0.092747 0.041617 0.049941 0.047562 0.027348 0.030916 0.030916 0.049941 0.070155 
16.762937 0.034483 0.059453 0.073722 0.074911 0.054697 0.099881 0.082045 0.077289 0.043995 0.034483 0.040428 0.066587 0.030916 0.038050 0.052319 0.035672 0.101070 
16.176234 0.042806 0.065398 0.070155 0.082045 0.083234 0.059453 0.102259 0.053508 0.072533 0.063020 0.028537 0.028537 0.026159 0.042806 0.030916 0.073722 0.074911 
15.610066 0.036861 0.048751 0.078478 0.093936 0.082045 0.055886 0.097503 0.066587 0.058264 0.080856 0.041617 0.034483 0.024970 0.032105 0.026159 0.045184 0.096314 
15.063714 0.030916 0.040428 0.071344 0.089180 0.064209 0.076100 0.073722 0.073722 0.039239 0.052319 0.057075 0.028537 0.085612 0.042806 0.032105 0.053508 0.089180 
14.536484 0.041617 0.047562 0.076100 0.085612 0.060642 0.054697 0.076100 0.045184 0.072533 0.058264 0.045184 0.064209 0.054697 0.045184 0.039239 0.061831 0.071344 
14.027707 0.039239 0.047562 0.070155 0.053508 0.065398 0.071344 0.058264 0.092747 0.054697 0.090369 0.070155 0.047562 0.029727 0.061831 0.035672 0.059453 0.052319 
13.536737 0.036861 0.057075 0.104637 0.068966 0.085612 0.052319 0.085612 0.058264 0.028537 0.061831 0.051130 0.033294 0.065398 0.035672 0.036861 0.068966 0.068966 
13.062951 0.033294 0.061831 0.079667 0.089180 0.048751 0.079667 0.092747 0.030916 0.053508 0.043995 0.036861 0.058264 0.082045 0.043995 0.032105 0.070155 0.063020 
12.605748 0.024970 0.063020 0.074911 0.071344 0.102259 0.059453 0.076100 0.049941 0.046373 0.076100 0.042806 0.047562 0.048751 0.035672 0.040428 0.060642 0.079667 
12.164547 0.041617 0.059453 0.068966 0.090369 0.063020 0.099881 0.067776 0.083234 0.052319 0.052319 0.036861 0.039239 0.042806 0.045184 0.042806 0.058264 0.055886 
11.738788 0.036861 0.041617 0.074911 0.077289 0.111772 0.042806 0.063020 0.057075 0.078478 0.057075 0.053508 0.064209 0.036861 0.032105 0.033294 0.066587 0.072533 
11.327930 0.029727 0.065398 0.063020 0.096314 0.070155 0.063020 0.046373 0.048751 0.058264 0.058264 0.085612 0.032105 0.035672 0.043995 0.046373 0.057075 0.099881 
10.931452 0.034483 0.066587 0.058264 0.059453 0.067776 0.092747 0.060642 0.057075 0.079667 0.039239 0.052319 0.058264 0.074911 0.035672 0.047562 0.045184 0.070155 
10.548852 0.038050 0.061831 0.058264 0.085612 0.101070 0.121284 0.054697 0.055886 0.045184 0.038050 0.065398 0.061831 0.039239 0.029727 0.028537 0.057075 0.058264 
10.179642 0.022592 0.065398 0.076100 0.058264 0.092747 0.072533 0.082045 0.054697 0.068966 0.055886 0.063020 0.049941 0.039239 0.049941 0.041617 0.049941 0.057075 
9.823354 0.039239 0.082045 0.055886 0.085612 0.080856 0.042806 0.059453 0.082045 0.065398 0.041617 0.042806 0.035672 0.032105 0.083234 0.030916 0.073722 0.066587 
9.479537 0.032105 0.043995 0.061831 0.066587 0.095125 0.073722 0.076100 0.053508 0.107015 0.051130 0.041617 0.028537 0.059453 0.045184 0.030916 0.040428 0.092747 
9.147753 0.033294 0.099881 0.060642 0.071344 0.079667 0.091558 0.086801 0.079667 0.078478 0.055886 0.055886 0.028537 0.033294 0.016647 0.028537 0.041617 0.058264 
8.827582 0.039239 0.059453 0.065398 0.072533 0.108205 0.076100 0.082045 0.051130 0.074911 0.048751 0.047562 0.034483 0.049941 0.020214 0.033294 0.068966 0.067776 
8.518616 0.030916 0.092747 0.058264 0.083234 0.083234 0.070155 0.064209 0.042806 0.085612 0.045184 0.038050 0.060642 0.024970 0.035672 0.023781 0.072533 0.087990 
8.220465 0.030916 0.067776 0.079667 0.090369 0.070155 0.078478 0.070155 0.086801 0.072533 0.058264 0.043995 0.039239 0.026159 0.038050 0.041617 0.045184 0.060642 
7.932749 0.038050 0.066587 0.077289 0.071344 0.108205 0.058264 0.071344 0.059453 0.051130 0.046373 0.078478 0.036861 0.024970 0.015458 0.058264 0.064209 0.073722 
7.655102 0.032105 0.097503 0.099881 0.067776 0.087990 0.076100 0.064209 0.071344 0.053508 0.053508 0.032105 0.040428 0.023781 0.024970 0.027348 0.073722 0.073722 
7.387174 0.032105 0.065398 0.078478 0.067776 0.105826 0.082045 0.048751 0.076100 0.058264 0.026159 0.036861 0.040428 0.063020 0.021403 0.030916 0.063020 0.103448 
7.128623 0.036861 0.078478 0.070155 0.073722 0.068966 0.112961 0.046373 0.067776 0.091558 0.028537 0.063020 0.028537 0.036861 0.038050 0.036861 0.065398 0.055886 
6.879121 0.022592 0.096314 0.095125 0.040428 0.082045 0.053508 0.078478 0.059453 0.077289 0.030916 0.070155 0.052319 0.033294 0.023781 0.023781 0.064209 0.096314 
6.638352 0.030916 0.071344 0.099881 0.104637 0.041617 0.043995 0.055886 0.101070 0.082045 0.048751 0.059453 0.039239 0.036861 0.019025 0.026159 0.076100 0.063020 
6.406009 0.020214 0.068966 0.077289 0.066587 0.071344 0.092747 0.058264 0.055886 0.035672 0.071344 0.054697 0.073722 0.067776 0.026159 0.029727 0.059453 0.070155 
6.181799 0.022592 0.057075 0.071344 0.052319 0.095125 0.064209 0.061831 0.040428 0.053508 0.104637 0.043995 0.035672 0.032105 0.046373 0.038050 0.074911 0.105826 
5.965436 0.035672 0.066587 0.083234 0.077289 0.058264 0.061831 0.090369 0.063020 0.048751 0.036861 0.070155 0.041617 0.034483 0.043995 0.028537 0.049941 0.109394 
5.756646 0.047562 0.091558 0.079667 0.118906 0.108205 0.066587 0.074911 0.036861 0.028537 0.033294 0.034483 0.027348 0.053508 0.033294 0.029727 0.058264 0.077289 
5.555163 0.036861 0.070155 0.114150 0.087990 0.071344 0.061831 0.051130 0.065398 0.039239 0.032105 0.035672 0.039239 0.036861 0.071344 0.027348 0.042806 0.116528 
5.360732 0.034483 0.067776 0.068966 0.080856 0.068966 0.097503 0.071344 0.051130 0.059453 0.039239 0.030916 0.027348 0.045184 0.034483 0.019025 0.082045 0.121284 
5.173107 0.030916 0.052319 0.112961 0.064209 0.080856 0.060642 0.066587 0.066587 0.070155 0.038050 0.042806 0.030916 0.028537 0.048751 0.035672 0.073722 0.096314 
4.992048 0.038050 0.073722 0.067776 0.108205 0.063020 0.096314 0.055886 0.052319 0.059453 0.060642 0.034483 0.020214 0.026159 0.030916 0.043995 0.074911 0.093936 
4.817326 0.039239 0.061831 0.079667 0.052319 0.116528 0.087990 0.042806 0.112961 0.059453 0.048751 0.028537 0.061831 0.032105 0.035672 0.028537 0.071344 0.040428 
4.648720 0.053508 0.070155 0.087990 0.066587 0.082045 0.046373 0.129608 0.045184 0.054697 0.087990 0.029727 0.026159 0.017836 0.027348 0.030916 0.038050 0.105826 
4.486015 0.033294 0.070155 0.070155 0.135553 0.080856 0.079667 0.080856 0.060642 0.039239 0.054697 0.028537 0.030916 0.066587 0.016647 0.032105 0.068966 0.051130 
4.329004 0.043995 0.067776 0.085612 0.120095 0.065398 0.078478 0.039239 0.047562 0.080856 0.041617 0.028537 0.035672 0.020214 0.052319 0.028537 0.078478 0.085612 
4.177489 0.035672 0.105826 0.080856 0.059453 0.063020 0.115339 0.071344 0.022592 0.042806 0.029727 0.061831 0.024970 0.032105 0.054697 0.038050 0.068966 0.092747 
4.031277 0.019025 0.080856 0.077289 0.101070 0.117717 0.089180 0.057075 0.030916 0.051130 0.038050 0.051130 0.059453 0.028537 0.030916 0.034483 0.051130 0.082045 
3.890182 0.036861 0.071344 0.079667 0.061831 0.067776 0.085612 0.068966 0.095125 0.058264 0.049941 0.038050 0.029727 0.036861 0.036861 0.024970 0.082045 0.076100 
3.754026 0.028537 0.052319 0.121284 0.074911 0.079667 0.061831 0.065398 0.039239 0.060642 0.029727 0.029727 0.070155 0.047562 0.039239 0.034483 0.083234 0.082045 
3.622635 0.030916 0.091558 0.097503 0.086801 0.080856 0.085612 0.048751 0.053508 0.048751 0.032105 0.039239 0.029727 0.051130 0.022592 0.024970 0.064209 0.111772 
3.495843 0.043995 0.079667 0.089180 0.114150 0.042806 0.040428 0.049941 0.048751 0.058264 0.072533 0.024970 0.064209 0.026159 0.032105 0.027348 0.072533 0.112961 
3.373488 0.040428 0.127229 0.077289 0.097503 0.034483 0.036861 0.070155 0.054697 0.033294 0.042806 0.046373 0.048751 0.040428 0.036861 0.020214 0.073722 0.118906 
3.255416 0.033294 0.084423 0.112961 0.104637 0.042806 0.085612 0.057075 0.066587 0.039239 0.045184 0.034483 0.029727 0.028537 0.027348 0.036861 0.060642 0.110583 
3.141477 0.029727 0.068966 0.061831 0.082045 0.078478 0.101070 0.063020 0.042806 0.074911 0.020214 0.040428 0.105826 0.027348 0.021403 0.039239 0.058264 0.084423 
3.031525 0.057075 0.066587 0.123662 0.085612 0.085612 0.078478 0.049941 0.042806 0.046373 0.034483 0.030916 0.033294 0.022592 0.029727 0.034483 0.053508 0.124851 
2.925422 0.049941 0.111772 0.084423 0.070155 0.073722 0.095125 0.051130 0.071344 0.068966 0.023781 0.019025 0.035672 0.076100 0.014269 0.020214 0.040428 0.093936 
2.823032 0.045184 0.092747 0.073722 0.077289 0.068966 0.080856 0.051130 0.042806 0.058264 0.051130 0.038050 0.021403 0.030916 0.034483 0.023781 0.074911 0.134364 
2.724226 0.038050 0.070155 0.082045 0.091558 0.084423 0.085612 0.043995 0.030916 0.057075 0.045184 0.042806 0.032105 0.049941 0.017836 0.035672 0.059453 0.133175 
2.628878 0.034483 0.112961 0.089180 0.080856 0.064209 0.042806 0.063020 0.090369 0.055886 0.051130 0.029727 0.043995 0.036861 0.029727 0.038050 0.063020 0.073722 
2.536867 0.034483 0.095125 0.061831 0.102259 0.111772 0.073722 0.052319 0.054697 0.028537 0.030916 0.035672 0.030916 0.066587 0.034483 0.028537 0.076100 0.082045 
2.448077 0.034483 0.060642 0.090369 0.092747 0.035672 0.105826 0.046373 0.059453 0.066587 0.055886 0.076100 0.040428 0.035672 0.033294 0.020214 0.046373 0.099881 
2.362394 0.051130 0.064209 0.102259 0.095125 0.038050 0.099881 0.074911 0.035672 0.028537 0.047562 0.048751 0.038050 0.032105 0.040428 0.033294 0.084423 0.085612 
2.279710 0.038050 0.074911 0.091558 0.047562 0.061831 0.079667 0.074911 0.070155 0.085612 0.039239 0.047562 0.048751 0.026159 0.032105 0.029727 0.071344 0.080856 
2.199920 0.042806 0.089180 0.072533 0.135553 0.079667 0.054697 0.079667 0.057075 0.032105 0.047562 0.047562 0.026159 0.023781 0.030916 0.024970 0.078478 0.077289 
2.122923 0.051130 0.092747 0.096314 0.095125 0.065398 0.063020 0.063020 0.046373 0.043995 0.051130 0.038050 0.013080 0.036861 0.034483 0.039239 0.059453 0.110583 
2.048621 0.038050 0.092747 0.087990 0.074911 0.115339 0.077289 0.067776 0.029727 0.027348 0.035672 0.051130 0.036861 0.032105 0.033294 0.033294 0.060642 0.105826 
1.976919 0.049941 0.077289 0.071344 0.133175 0.068966 0.054697 0.066587 0.049941 0.038050 0.021403 0.033294 0.032105 0.036861 0.028537 0.027348 0.073722 0.136742 
1.907727 0.059453 0.078478 0.065398 0.091558 0.095125 0.067776 0.059453 0.053508 0.043995 0.034483 0.055886 0.041617 0.024970 0.030916 0.032105 0.061831 0.103448 
1.840957 0.023781 0.096314 0.093936 0.055886 0.115339 0.072533 0.058264 0.045184 0.032105 0.039239 0.024970 0.023781 0.038050 0.035672 0.030916 0.082045 0.131986 
1.776523 0.040428 0.101070 0.063020 0.104637 0.086801 0.105826 0.041617 0.066587 0.047562 0.034483 0.033294 0.016647 0.032105 0.028537 0.034483 0.074911 0.087990 
1.714345 0.035672 0.084423 0.078478 0.108205 0.093936 0.070155 0.055886 0.063020 0.036861 0.027348 0.092747 0.034483 0.021403 0.024970 0.035672 0.040428 0.096314 
1.654343 0.040428 0.098692 0.093936 0.074911 0.086801 0.095125 0.030916 0.040428 0.026159 0.026159 0.022592 0.053508 0.074911 0.029727 0.036861 0.059453 0.109394 
1.596441 0.066587 0.084423 0.054697 0.064209 0.045184 0.108205 0.041617 0.030916 0.035672 0.034483 0.108205 0.045184 0.029727 0.035672 0.026159 0.064209 0.124851 
1.540565 0.036861 0.115339 0.074911 0.154578 0.076100 0.077289 0.029727 0.035672 0.030916 0.023781 0.019025 0.027348 0.108205 0.032105 0.017836 0.049941 0.090369 
1.486645 0.047562 0.097503 0.078478 0.084423 0.041617 0.107015 0.021403 0.022592 0.051130 0.035672 0.051130 0.034483 0.028537 0.032105 0.028537 0.101070 0.136742 
1.434613 0.036861 0.089180 0.090369 0.073722 0.021403 0.063020 0.154578 0.030916 0.057075 0.035672 0.030916 0.026159 0.026159 0.035672 0.019025 0.082045 0.127229 
1.384401 0.029727 0.080856 0.118906 0.098692 0.059453 0.103448 0.048751 0.026159 0.064209 0.034483 0.022592 0.028537 0.029727 0.032105 0.023781 0.068966 0.129608 
1.335947 0.032105 0.127229 0.128419 0.061831 0.068966 0.076100 0.030916 0.022592 0.035672 0.029727 0.036861 0.034483 0.023781 0.033294 0.023781 0.084423 0.149822 
1.289189 0.057075 0.104637 0.141498 0.073722 0.055886 0.059453 0.043995 0.045184 0.057075 0.030916 0.027348 0.021403 0.045184 0.019025 0.021403 0.074911 0.121284 
1.244068 0.057075 0.085612 0.104637 0.078478 0.036861 0.098692 0.054697 0.036861 0.043995 0.036861 0.039239 0.028537 0.033294 0.020214 0.042806 0.053508 0.148633 
1.200525 0.047562 0.065398 0.064209 0.116528 0.043995 0.058264 0.035672 0.068966 0.033294 0.052319 0.042806 0.023781 0.038050 0.030916 0.030916 0.101070 0.146254 
1.158507 0.057075 0.082045 0.104637 0.099881 0.055886 0.048751 0.072533 0.045184 0.046373 0.041617 0.030916 0.027348 0.043995 0.023781 0.024970 0.072533 0.122473 
1.117959 0.039239 0.109394 0.089180 0.076100 0.089180 0.036861 0.046373 0.026159 0.040428 0.048751 0.029727 0.032105 0.028537 0.030916 0.039239 0.116528 0.121284 
1.078831 0.032105 0.109394 0.110583 0.085612 0.090369 0.070155 0.067776 0.034483 0.038050 0.041617 0.026159 0.026159 0.038050 0.024970 0.029727 0.079667 0.095125 
1.041071 0.042806 0.117717 0.117717 0.064209 0.076100 0.052319 0.063020 0.043995 0.032105 0.023781 0.035672 0.054697 0.024970 0.028537 0.032105 0.089180 0.101070 
1.004634 0.049941 0.096314 0.110583 0.065398 0.046373 0.063020 0.065398 0.035672 0.084423 0.027348 0.029727 0.035672 0.045184 0.036861 0.034483 0.097503 0.076100 
0.969472 0.029727 0.105826 0.092747 0.085612 0.076100 0.101070 0.047562 0.040428 0.033294 0.023781 0.046373 0.027348 0.030916 0.029727 0.035672 0.072533 0.121284 
0.935540 0.045184 0.070155 0.099881 0.085612 0.041617 0.095125 0.080856 0.029727 0.068966 0.029727 0.039239 0.046373 0.043995 0.020214 0.030916 0.063020 0.109394 
0.902796 0.041617 0.136742 0.102259 0.042806 0.068966 0.096314 0.048751 0.053508 0.036861 0.032105 0.034483 0.030916 0.033294 0.026159 0.016647 0.072533 0.126040 
0.871198 0.041617 0.098692 0.105826 0.046373 0.057075 0.072533 0.064209 0.065398 0.052319 0.083234 0.032105 0.027348 0.021403 0.021403 0.027348 0.065398 0.117717 
0.840707 0.049941 0.115339 0.127229 0.077289 0.063020 0.045184 0.083234 0.055886 0.035672 0.033294 0.028537 0.024970 0.033294 0.030916 0.024970 0.076100 0.095125 
0.811282 0.052319 0.092747 0.083234 0.059453 0.073722 0.071344 0.084423 0.092747 0.053508 0.028537 0.035672 0.022592 0.038050 0.035672 0.032105 0.042806 0.101070 
0.782887 0.048751 0.104637 0.101070 0.071344 0.059453 0.098692 0.061831 0.057075 0.022592 0.036861 0.041617 0.030916 0.035672 0.028537 0.033294 0.105826 0.061831 
0.755486 0.063020 0.077289 0.068966 0.140309 0.068966 0.085612 0.041617 0.040428 0.023781 0.026159 0.038050 0.024970 0.032105 0.034483 0.019025 0.103448 0.111772 
0.729044 0.042806 0.131986 0.123662 0.060642 0.076100 0.035672 0.090369 0.032105 0.024970 0.026159 0.052319 0.047562 0.033294 0.020214 0.020214 0.074911 0.107015 
0.703527 0.063020 0.091558 0.110583 0.115339 0.048751 0.064209 0.041617 0.059453 0.022592 0.034483 0.029727 0.030916 0.020214 0.026159 0.034483 0.048751 0.158145 
0.678904 0.058264 0.085612 0.073722 0.098692 0.047562 0.049941 0.055886 0.032105 0.024970 0.022592 0.101070 0.024970 0.021403 0.034483 0.028537 0.124851 0.115339 
0.655142 0.052319 0.051130 0.098692 0.071344 0.134364 0.042806 0.059453 0.035672 0.030916 0.033294 0.017836 0.048751 0.027348 0.028537 0.023781 0.078478 0.165279 
0.632212 0.034483 0.104637 0.115339 0.124851 0.082045 0.039239 0.061831 0.057075 0.078478 0.024970 0.030916 0.026159 0.032105 0.030916 0.029727 0.060642 0.066587 
0.610085 0.066587 0.087990 0.082045 0.091558 0.090369 0.076100 0.030916 0.034483 0.063020 0.027348 0.033294 0.029727 0.032105 0.029727 0.032105 0.071344 0.121284 
0.588732 0.045184 0.076100 0.079667 0.121284 0.070155 0.038050 0.089180 0.066587 0.042806 0.054697 0.032105 0.030916 0.039239 0.029727 0.024970 0.079667 0.079667 
0.568126 0.053508 0.045184 0.074911 0.065398 0.073722 0.077289 0.064209 0.036861 0.033294 0.083234 0.030916 0.027348 0.021403 0.029727 0.032105 0.124851 0.126040 
0.548242 0.028537 0.064209 0.115339 0.095125 0.073722 0.033294 0.123662 0.041617 0.051130 0.028537 0.029727 0.028537 0.032105 0.029727 0.028537 0.060642 0.135553 
0.529053 0.053508 0.101070 0.096314 0.077289 0.089180 0.049941 0.067776 0.028537 0.048751 0.036861 0.030916 0.052319 0.041617 0.028537 0.035672 0.048751 0.112961 
0.510537 0.038050 0.095125 0.077289 0.105826 0.057075 0.057075 0.061831 0.067776 0.029727 0.047562 0.021403 0.026159 0.034483 0.029727 0.023781 0.058264 0.168847 
0.492668 0.041617 0.105826 0.121284 0.107015 0.072533 0.064209 0.051130 0.033294 0.028537 0.027348 0.027348 0.030916 0.032105 0.026159 0.027348 0.080856 0.122473 
0.475424 0.070155 0.116528 0.084423 0.098692 0.074911 0.038050 0.036861 0.034483 0.035672 0.052319 0.034483 0.034483 0.033294 0.033294 0.026159 0.068966 0.127229 
0.458785 0.041617 0.107015 0.068966 0.070155 0.087990 0.052319 0.046373 0.021403 0.030916 0.051130 0.022592 0.053508 0.022592 0.027348 0.032105 0.117717 0.146254 
0.442727 0.043995 0.095125 0.089180 0.047562 0.051130 0.032105 0.133175 0.051130 0.027348 0.027348 0.024970 0.073722 0.026159 0.029727 0.035672 0.080856 0.130797 
0.427232 0.045184 0.108205 0.080856 0.135553 0.082045 0.034483 0.039239 0.024970 0.024970 0.026159 0.027348 0.033294 0.026159 0.015458 0.034483 0.085612 0.175981 
0.412279 0.057075 0.098692 0.078478 0.055886 0.061831 0.054697 0.023781 0.065398 0.040428 0.047562 0.114150 0.028537 0.038050 0.040428 0.029727 0.053508 0.111772 
0.397849 0.043995 0.070155 0.072533 0.139120 0.092747 0.083234 0.048751 0.052319 0.043995 0.021403 0.038050 0.041617 0.027348 0.030916 0.022592 0.072533 0.098692 
0.383924 0.039239 0.145065 0.061831 0.096314 0.101070 0.051130 0.033294 0.036861 0.035672 0.039239 0.028537 0.030916 0.027348 0.029727 0.046373 0.066587 0.130797 
0.370487 0.063020 0.124851 0.096314 0.133175 0.039239 0.080856 0.029727 0.045184 0.032105 0.074911 0.034483 0.033294 0.029727 0.033294 0.020214 0.033294 0.096314 
0.357520 0.042806 0.114150 0.089180 0.102259 0.101070 0.038050 0.038050 0.060642 0.049941 0.034483 0.035672 0.030916 0.035672 0.035672 0.026159 0.076100 0.089180 
0.345006 0.065398 0.093936 0.093936 0.082045 0.042806 0.023781 0.051130 0.043995 0.048751 0.036861 0.026159 0.029727 0.029727 0.026159 0.027348 0.129608 0.148633 
0.332931 0.034483 0.072533 0.068966 0.095125 0.082045 0.117717 0.033294 0.026159 0.059453 0.029727 0.039239 0.036861 0.034483 0.028537 0.078478 0.049941 0.112961 
0.321279 0.052319 0.083234 0.114150 0.118906 0.091558 0.045184 0.067776 0.036861 0.038050 0.023781 0.033294 0.033294 0.032105 0.034483 0.041617 0.057075 0.096314 
0.310034 0.071344 0.136742 0.109394 0.090369 0.035672 0.046373 0.045184 0.026159 0.034483 0.024970 0.029727 0.042806 0.020214 0.033294 0.017836 0.082045 0.153389 
0.299183 0.055886 0.060642 0.074911 0.079667 0.137931 0.061831 0.055886 0.065398 0.043995 0.036861 0.028537 0.026159 0.039239 0.028537 0.027348 0.074911 0.102259 
0.288711 0.057075 0.114150 0.098692 0.118906 0.049941 0.078478 0.064209 0.040428 0.033294 0.036861 0.027348 0.019025 0.064209 0.020214 0.021403 0.048751 0.107015 
0.278606 0.061831 0.071344 0.168847 0.065398 0.058264 0.055886 0.033294 0.093936 0.032105 0.026159 0.029727 0.024970 0.033294 0.036861 0.026159 0.063020 0.118906 
0.268855 0.072533 0.127229 0.076100 0.099881 0.083234 0.046373 0.054697 0.035672 0.034483 0.023781 0.041617 0.033294 0.029727 0.030916 0.034483 0.070155 0.105826 
0.259445 0.057075 0.109394 0.102259 0.058264 0.064209 0.093936 0.109394 0.061831 0.032105 0.032105 0.026159 0.026159 0.029727 0.026159 0.024970 0.070155 0.076100 
0.250365 0.038050 0.133175 0.072533 0.090369 0.048751 0.052319 0.041617 0.052319 0.027348 0.032105 0.024970 0.067776 0.030916 0.028537 0.027348 0.066587 0.165279 
0.241602 0.038050 0.070155 0.077289 0.111772 0.139120 0.039239 0.020214 0.089180 0.028537 0.024970 0.033294 0.049941 0.032105 0.036861 0.028537 0.043995 0.136742 
0.233146 0.058264 0.109394 0.123662 0.051130 0.083234 0.051130 0.030916 0.059453 0.030916 0.072533 0.039239 0.026159 0.038050 0.027348 0.023781 0.078478 0.096314 
0.224986 0.052319 0.087990 0.079667 0.090369 0.040428 0.115339 0.067776 0.049941 0.032105 0.028537 0.022592 0.028537 0.032105 0.030916 0.027348 0.101070 0.112961 
0.217111 0.058264 0.153389 0.057075 0.077289 0.028537 0.079667 0.026159 0.039239 0.059453 0.034483 0.030916 0.024970 0.030916 0.027348 0.028537 0.107015 0.136742 
0.209512 0.063020 0.074911 0.087990 0.085612 0.110583 0.068966 0.063020 0.039239 0.034483 0.030916 0.027348 0.024970 0.027348 0.026159 0.036861 0.059453 0.139120 
0.202179 0.059453 0.111772 0.071344 0.053508 0.045184 0.076100 0.032105 0.024970 0.059453 0.035672 0.022592 0.045184 0.036861 0.027348 0.026159 0.098692 0.173603 
0.195103 0.067776 0.153389 0.068966 0.080856 0.033294 0.063020 0.038050 0.045184 0.036861 0.032105 0.034483 0.035672 0.024970 0.022592 0.026159 0.083234 0.153389 
0.188275 0.063020 0.101070 0.180737 0.070155 0.042806 0.067776 0.045184 0.028537 0.032105 0.038050 0.026159 0.032105 0.024970 0.034483 0.017836 0.077289 0.117717 
0.181685 0.055886 0.070155 0.082045 0.090369 0.064209 0.047562 0.039239 0.055886 0.030916 0.028537 0.053508 0.034483 0.034483 0.047562 0.038050 0.128419 0.098692 
0.175326 0.085612 0.142687 0.090369 0.071344 0.053508 0.036861 0.055886 0.051130 0.057075 0.027348 0.032105 0.021403 0.026159 0.020214 0.030916 0.061831 0.135553 
0.169190 0.057075 0.097503 0.130797 0.091558 0.057075 0.047562 0.028537 0.042806 0.038050 0.036861 0.020214 0.022592 0.046373 0.032105 0.035672 0.137931 0.077289 
0.163268 0.074911 0.080856 0.096314 0.126040 0.070155 0.060642 0.036861 0.053508 0.034483 0.032105 0.019025 0.030916 0.038050 0.040428 0.033294 0.064209 0.108205 
0.157554 0.055886 0.071344 0.068966 0.136742 0.057075 0.043995 0.047562 0.098692 0.022592 0.034483 0.033294 0.032105 0.028537 0.028537 0.020214 0.107015 0.112961 
0.152039 0.040428 0.146254 0.101070 0.084423 0.046373 0.023781 0.038050 0.068966 0.032105 0.030916 0.038050 0.024970 0.021403 0.027348 0.029727 0.127229 0.118906 
0.146718 0.033294 0.097503 0.058264 0.147444 0.046373 0.087990 0.087990 0.036861 0.036861 0.055886 0.024970 0.033294 0.027348 0.029727 0.030916 0.072533 0.092747 
0.141583 0.067776 0.109394 0.087990 0.087990 0.082045 0.054697 0.043995 0.030916 0.039239 0.034483 0.029727 0.024970 0.032105 0.020214 0.036861 0.097503 0.120095 
0.136627 0.068966 0.078478 0.083234 0.097503 0.057075 0.038050 0.051130 0.083234 0.046373 0.060642 0.033294 0.061831 0.024970 0.024970 0.024970 0.065398 0.099881 
0.131845 0.042806 0.114150 0.083234 0.104637 0.034483 0.084423 0.030916 0.030916 0.036861 0.032105 0.030916 0.043995 0.024970 0.029727 0.030916 0.112961 0.131986 
0.127231 0.047562 0.103448 0.115339 0.078478 0.107015 0.077289 0.032105 0.032105 0.022592 0.027348 0.041617 0.040428 0.030916 0.024970 0.024970 0.078478 0.115339 
0.122778 0.055886 0.054697 0.057075 0.162901 0.086801 0.033294 0.046373 0.035672 0.036861 0.030916 0.034483 0.026159 0.023781 0.033294 0.032105 0.120095 0.129608 
0.118480 0.047562 0.076100 0.102259 0.093936 0.066587 0.065398 0.077289 0.064209 0.041617 0.028537 0.028537 0.026159 0.029727 0.035672 0.021403 0.083234 0.111772 
0.114334 0.077289 0.102259 0.099881 0.082045 0.035672 0.020214 0.045184 0.083234 0.071344 0.032105 0.028537 0.036861 0.023781 0.034483 0.028537 0.068966 0.129608 
0.110332 0.089180 0.078478 0.047562 0.098692 0.060642 0.028537 0.080856 0.033294 0.024970 0.077289 0.046373 0.024970 0.073722 0.035672 0.047562 0.063020 0.089180 
0.106470 0.064209 0.117717 0.078478 0.073722 0.090369 0.028537 0.041617 0.033294 0.040428 0.047562 0.028537 0.024970 0.033294 0.027348 0.039239 0.123662 0.107015 
0.102744 0.064209 0.110583 0.086801 0.090369 0.084423 0.043995 0.039239 0.033294 0.032105 0.048751 0.029727 0.024970 0.032105 0.021403 0.036861 0.107015 0.114150 
0.099148 0.066587 0.102259 0.129608 0.086801 0.060642 0.034483 0.043995 0.035672 0.034483 0.028537 0.052319 0.028537 0.047562 0.028537 0.023781 0.064209 0.131986 
0.095678 0.061831 0.041617 0.130797 0.121284 0.041617 0.080856 0.028537 0.042806 0.024970 0.024970 0.032105 0.028537 0.029727 0.133175 0.030916 0.064209 0.082045 
0.092329 0.065398 0.160523 0.101070 0.051130 0.065398 0.045184 0.047562 0.052319 0.048751 0.034483 0.032105 0.028537 0.023781 0.035672 0.015458 0.085612 0.107015 
0.089097 0.091558 0.134364 0.089180 0.098692 0.049941 0.045184 0.028537 0.023781 0.030916 0.035672 0.036861 0.035672 0.045184 0.033294 0.015458 0.060642 0.145065 
0.085979 0.063020 0.104637 0.124851 0.068966 0.087990 0.052319 0.065398 0.028537 0.043995 0.026159 0.034483 0.023781 0.024970 0.029727 0.020214 0.057075 0.143876 
0.082970 0.058264 0.083234 0.080856 0.073722 0.055886 0.036861 0.040428 0.033294 0.021403 0.040428 0.027348 0.214031 0.022592 0.033294 0.026159 0.052319 0.099881 
0.080066 0.067776 0.096314 0.085612 0.052319 0.041617 0.040428 0.076100 0.066587 0.028537 0.046373 0.030916 0.023781 0.024970 0.030916 0.023781 0.077289 0.186683 
0.077264 0.068966 0.126040 0.091558 0.065398 0.032105 0.039239 0.039239 0.027348 0.039239 0.027348 0.022592 0.028537 0.055886 0.030916 0.032105 0.102259 0.171225 
0.074559 0.058264 0.082045 0.070155 0.061831 0.134364 0.041617 0.051130 0.067776 0.070155 0.038050 0.022592 0.035672 0.022592 0.034483 0.029727 0.084423 0.095125 
0.071950 0.065398 0.148633 0.078478 0.066587 0.072533 0.049941 0.042806 0.041617 0.032105 0.028537 0.024970 0.026159 0.030916 0.029727 0.022592 0.089180 0.149822 
0.069431 0.054697 0.097503 0.093936 0.068966 0.117717 0.085612 0.036861 0.027348 0.028537 0.035672 0.030916 0.032105 0.017836 0.022592 0.024970 0.133175 0.091558 
0.067001 0.066587 0.137931 0.072533 0.143876 0.041617 0.090369 0.032105 0.045184 0.027348 0.030916 0.022592 0.030916 0.035672 0.026159 0.016647 0.076100 0.103448 
0.064656 0.067776 0.080856 0.128419 0.059453 0.045184 0.055886 0.065398 0.033294 0.040428 0.026159 0.028537 0.028537 0.032105 0.038050 0.032105 0.084423 0.153389 
0.062393 0.038050 0.167658 0.078478 0.064209 0.060642 0.052319 0.043995 0.041617 0.027348 0.084423 0.024970 0.034483 0.021403 0.043995 0.019025 0.046373 0.151011 
0.060210 0.072533 0.097503 0.104637 0.071344 0.110583 0.032105 0.033294 0.052319 0.029727 0.036861 0.017836 0.011891 0.033294 0.016647 0.034483 0.120095 0.124851 
0.058102 0.063020 0.135553 0.114150 0.052319 0.042806 0.029727 0.042806 0.036861 0.026159 0.063020 0.020214 0.029727 0.032105 0.036861 0.041617 0.077289 0.155767 
0.056069 0.067776 0.128419 0.051130 0.151011 0.038050 0.024970 0.045184 0.042806 0.039239 0.035672 0.019025 0.027348 0.039239 0.034483 0.033294 0.067776 0.154578 
0.054106 0.067776 0.111772 0.116528 0.072533 0.041617 0.065398 0.060642 0.036861 0.046373 0.042806 0.034483 0.032105 0.023781 0.035672 0.032105 0.072533 0.107015 
0.052213 0.063020 0.090369 0.109394 0.098692 0.019025 0.059453 0.104637 0.051130 0.028537 0.033294 0.026159 0.033294 0.023781 0.033294 0.030916 0.071344 0.123662 
0.050385 0.071344 0.072533 0.076100 0.059453 0.091558 0.042806 0.097503 0.020214 0.027348 0.029727 0.066587 0.027348 0.032105 0.024970 0.035672 0.089180 0.135553 
0.048622 0.045184 0.066587 0.076100 0.105826 0.065398 0.049941 0.049941 0.051130 0.029727 0.026159 0.026159 0.027348 0.016647 0.032105 0.028537 0.118906 0.184304 
0.046920 0.046373 0.101070 0.068966 0.067776 0.086801 0.066587 0.035672 0.040428 0.059453 0.038050 0.033294 0.022592 0.032105 0.032105 0.022592 0.090369 0.155767 
0.045278 0.067776 0.105826 0.103448 0.076100 0.052319 0.068966 0.026159 0.028537 0.028537 0.055886 0.017836 0.030916 0.038050 0.039239 0.035672 0.076100 0.148633 
0.043693 0.096314 0.086801 0.082045 0.058264 0.092747 0.020214 0.032105 0.032105 0.077289 0.040428 0.023781 0.034483 0.032105 0.035672 0.026159 0.080856 0.148633 
0.042164 0.071344 0.097503 0.076100 0.133175 0.072533 0.066587 0.045184 0.021403 0.032105 0.033294 0.021403 0.035672 0.041617 0.021403 0.024970 0.079667 0.126040 
0.040688 0.083234 0.185493 0.057075 0.121284 0.036861 0.048751 0.028537 0.030916 0.017836 0.027348 0.028537 0.036861 0.026159 0.029727 0.028537 0.068966 0.143876 
0.039264 0.074911 0.117717 0.057075 0.099881 0.038050 0.053508 0.041617 0.043995 0.027348 0.039239 0.020214 0.061831 0.033294 0.040428 0.028537 0.082045 0.140309 
0.037890 0.068966 0.109394 0.068966 0.084423 0.038050 0.067776 0.040428 0.043995 0.065398 0.047562 0.030916 0.028537 0.032105 0.030916 0.032105 0.074911 0.135553 
0.036564 0.085612 0.090369 0.071344 0.089180 0.053508 0.109394 0.055886 0.038050 0.034483 0.024970 0.024970 0.038050 0.029727 0.027348 0.033294 0.084423 0.109394 
0.035284 0.064209 0.098692 0.074911 0.083234 0.121284 0.067776 0.034483 0.032105 0.024970 0.030916 0.032105 0.038050 0.032105 0.022592 0.030916 0.086801 0.124851 
0.034049 0.089180 0.124851 0.089180 0.054697 0.065398 0.048751 0.033294 0.049941 0.045184 0.028537 0.035672 0.034483 0.019025 0.033294 0.027348 0.102259 0.118906 
0.032857 0.059453 0.109394 0.066587 0.110583 0.065398 0.117717 0.028537 0.023781 0.026159 0.033294 0.043995 0.055886 0.034483 0.028537 0.036861 0.055886 0.103448 
0.031707 0.116528 0.084423 0.066587 0.089180 0.077289 0.083234 0.035672 0.038050 0.030916 0.036861 0.027348 0.033294 0.021403 0.029727 0.038050 0.058264 0.133175 
0.030597 0.059453 0.089180 0.090369 0.093936 0.066587 0.043995 0.063020 0.026159 0.030916 0.059453 0.021403 0.028537 0.029727 0.022592 0.021403 0.134364 0.118906 
0.029526 0.048751 0.092747 0.073722 0.073722 0.057075 0.039239 0.051130 0.038050 0.039239 0.036861 0.051130 0.032105 0.035672 0.026159 0.024970 0.117717 0.161712 
0.028493 0.051130 0.095125 0.086801 0.087990 0.089180 0.114150 0.038050 0.030916 0.028537 0.028537 0.032105 0.029727 0.035672 0.043995 0.028537 0.072533 0.107015 
0.027496 0.066587 0.091558 0.101070 0.068966 0.052319 0.063020 0.057075 0.038050 0.024970 0.048751 0.029727 0.042806 0.030916 0.033294 0.023781 0.102259 0.124851 
0.026533 0.098692 0.086801 0.096314 0.072533 0.077289 0.072533 0.032105 0.029727 0.035672 0.023781 0.029727 0.034483 0.023781 0.041617 0.032105 0.063020 0.149822 
0.025605 0.065398 0.136742 0.079667 0.067776 0.105826 0.089180 0.016647 0.020214 0.046373 0.024970 0.036861 0.028537 0.035672 0.024970 0.029727 0.067776 0.123662 
0.024709 0.055886 0.098692 0.105826 0.063020 0.072533 0.043995 0.051130 0.029727 0.034483 0.040428 0.032105 0.027348 0.043995 0.023781 0.027348 0.095125 0.154578 
0.023844 0.091558 0.090369 0.063020 0.079667 0.072533 0.068966 0.028537 0.048751 0.034483 0.039239 0.042806 0.023781 0.032105 0.027348 0.038050 0.068966 0.149822 
0.023009 0.055886 0.108205 0.078478 0.102259 0.072533 0.057075 0.057075 0.041617 0.032105 0.033294 0.029727 0.030916 0.021403 0.023781 0.040428 0.080856 0.134364 
0.022204 0.122473 0.098692 0.074911 0.067776 0.115339 0.047562 0.059453 0.024970 0.043995 0.022592 0.029727 0.028537 0.026159 0.029727 0.023781 0.058264 0.126040 
0.021427 0.059453 0.123662 0.063020 0.086801 0.071344 0.058264 0.027348 0.026159 0.101070 0.030916 0.027348 0.032105 0.021403 0.033294 0.033294 0.064209 0.140309 
0.020677 0.086801 0.104637 0.048751 0.111772 0.049941 0.090369 0.055886 0.068966 0.032105 0.040428 0.028537 0.033294 0.024970 0.030916 0.028537 0.052319 0.111772 
0.019953 0.074911 0.133175 0.064209 0.118906 0.072533 0.059453 0.064209 0.028537 0.023781 0.036861 0.038050 0.039239 0.035672 0.023781 0.029727 0.053508 0.103448 
0.019255 0.097503 0.154578 0.034483 0.053508 0.077289 0.046373 0.027348 0.027348 0.028537 0.030916 0.033294 0.023781 0.022592 0.039239 0.040428 0.133175 0.129608 
0.018581 0.084423 0.135553 0.093936 0.058264 0.085612 0.057075 0.040428 0.028537 0.024970 0.028537 0.029727 0.023781 0.028537 0.028537 0.026159 0.093936 0.131986 
0.017931 0.071344 0.120095 0.114150 0.064209 0.060642 0.060642 0.029727 0.029727 0.034483 0.029727 0.043995 0.017836 0.013080 0.028537 0.036861 0.103448 0.141498 
