6166.813645 0.002311 0.026792 0.053640 0.050095 0.048257 0.172503 0.029666 0.112923 0.076352 0.059433 0.182138 0.035885 0.005358 0.070827 0.045166 0.012492 0.016163 
3700.088187 0.001207 0.009000 0.058718 0.056662 0.047857 0.036477 0.140788 0.243039 0.023965 0.096016 0.016843 0.036047 0.039631 0.038783 0.096133 0.011256 0.047579 
2220.052912 0.002802 0.028211 0.041906 0.072523 0.056959 0.075196 0.076738 0.043857 0.054760 0.078029 0.028275 0.014952 0.144451 0.097222 0.116854 0.010457 0.056808 
1332.031747 0.001922 0.024075 0.026139 0.058871 0.062215 0.063797 0.000215 0.028755 0.107279 0.062111 0.008420 0.095307 0.156009 0.186438 0.065858 0.004435 0.048154 
799.219048 0.001737 0.012227 0.070020 0.053765 0.036764 0.102617 0.055737 0.083837 0.098828 0.009962 0.025431 0.054364 0.173622 0.037063 0.108742 0.016902 0.058383 
479.531429 0.000401 0.013465 0.023351 0.022035 0.030056 0.080793 0.121339 0.149389 0.027651 0.007619 0.077492 0.051031 0.084897 0.076062 0.213978 0.008744 0.011695 
287.718857 0.000622 0.019725 0.001471 0.065162 0.047195 0.089738 0.010729 0.075739 0.000000 0.076635 0.098425 0.078067 0.000000 0.201295 0.200453 0.004138 0.030607 
200.712235 0.001507 0.000000 0.057409 0.086640 0.041678 0.070419 0.042936 0.049952 0.000000 0.197345 0.000000 0.106311 0.067125 0.154515 0.067457 0.021306 0.035402 
155.268576 0.000000 0.021606 0.044146 0.022080 0.088798 0.241548 0.047453 0.033928 0.064133 0.000000 0.070006 0.013517 0.165004 0.003316 0.089143 0.016455 0.078867 
128.218816 0.001621 0.022783 0.042473 0.052915 0.130362 0.129159 0.082836 0.065596 0.033503 0.012907 0.111130 0.020619 0.100593 0.007758 0.117063 0.036705 0.031977 
112.516941 0.002073 0.021680 0.055710 0.047270 0.105172 0.134123 0.154179 0.116731 0.041010 0.037982 0.035065 0.044163 0.037378 0.020913 0.069987 0.025773 0.050791 
102.440251 0.004786 0.024783 0.061420 0.066121 0.078336 0.120822 0.070168 0.109580 0.069686 0.061847 0.060991 0.061258 0.039576 0.048568 0.059776 0.022712 0.039573 
94.008060 0.003495 0.014008 0.049916 0.061667 0.080201 0.066041 0.071027 0.100656 0.074532 0.132924 0.081805 0.061994 0.020410 0.047430 0.062335 0.023077 0.048484 
86.859671 0.002154 0.030000 0.044985 0.075798 0.095331 0.097101 0.071459 0.073986 0.125794 0.078056 0.058460 0.055228 0.023935 0.059628 0.035073 0.013514 0.059498 
80.661152 0.001727 0.030362 0.076844 0.036648 0.113705 0.087480 0.094427 0.035144 0.113088 0.048187 0.065404 0.053566 0.114912 0.039094 0.039459 0.011237 0.038716 
75.161029 0.004611 0.015368 0.080051 0.137767 0.081326 0.144572 0.042954 0.037092 0.038487 0.070557 0.106128 0.044372 0.095211 0.006597 0.020079 0.023445 0.051382 
70.266723 0.000301 0.010058 0.013947 0.147530 0.024330 0.047897 0.017067 0.136164 0.045855 0.100409 0.161065 0.073370 0.107845 0.013728 0.000805 0.048051 0.051579 
65.949198 0.001974 0.019771 0.043710 0.081808 0.060974 0.067983 0.018146 0.166403 0.092463 0.081802 0.118899 0.036358 0.078946 0.020007 0.025354 0.042678 0.042724 
62.077767 0.002453 0.043191 0.046076 0.052006 0.095033 0.082386 0.044219 0.134595 0.162889 0.050606 0.014706 0.083163 0.066232 0.020687 0.017079 0.041416 0.043263 
58.586319 0.003032 0.028749 0.047380 0.068004 0.104397 0.117557 0.092734 0.084281 0.118986 0.052389 0.050104 0.062267 0.027223 0.013563 0.046344 0.017737 0.065253 
55.424024 0.003169 0.013396 0.049265 0.116759 0.122128 0.115503 0.118634 0.047475 0.066432 0.062764 0.041890 0.049270 0.036752 0.018465 0.028316 0.028777 0.081005 
52.568961 0.002648 0.031929 0.044863 0.070279 0.093555 0.087962 0.175256 0.065361 0.033546 0.108165 0.045843 0.028125 0.034449 0.044870 0.013055 0.033829 0.086266 
49.966839 0.005990 0.050325 0.085615 0.148709 0.093390 0.026411 0.142840 0.038013 0.038204 0.052422 0.124828 0.006110 0.044700 0.020956 0.008588 0.027786 0.085114 
47.599043 0.003469 0.021968 0.093476 0.068957 0.077307 0.124262 0.106161 0.068933 0.081788 0.052339 0.115880 0.022050 0.031739 0.028094 0.010315 0.036990 0.056273 
45.433578 0.002717 0.013971 0.043911 0.067537 0.129998 0.134632 0.104632 0.096624 0.064807 0.065925 0.052451 0.036156 0.049304 0.029402 0.023260 0.019741 0.064930 
43.446589 0.002321 0.024043 0.080027 0.098204 0.129868 0.134843 0.095345 0.069362 0.034764 0.089408 0.066272 0.029914 0.018552 0.027323 0.021289 0.015678 0.062787 
41.617137 0.002065 0.034611 0.091961 0.094703 0.064841 0.079937 0.077962 0.087740 0.052915 0.053741 0.092153 0.061353 0.072926 0.010167 0.009885 0.017323 0.095718 
39.921443 0.005106 0.029889 0.084084 0.053394 0.075818 0.114452 0.080444 0.041000 0.096679 0.080082 0.087558 0.053113 0.062844 0.026705 0.028023 0.019461 0.061346 
38.338388 0.004436 0.050194 0.063682 0.053102 0.095931 0.094351 0.088897 0.079511 0.074097 0.096631 0.055296 0.043708 0.022735 0.058652 0.046145 0.012545 0.060087 
36.863760 0.002178 0.034389 0.041577 0.079870 0.124539 0.105802 0.076605 0.111898 0.098838 0.132368 0.016441 0.028481 0.026481 0.050258 0.015719 0.018014 0.036542 
35.486673 0.005282 0.040048 0.066766 0.091703 0.088383 0.104975 0.112355 0.059484 0.052660 0.100215 0.036881 0.062202 0.058629 0.032198 0.026797 0.016241 0.045181 
34.196597 0.002919 0.070863 0.061663 0.072068 0.139498 0.146227 0.081438 0.075195 0.029703 0.070717 0.021332 0.073311 0.038864 0.035113 0.000000 0.013445 0.067647 
32.986114 0.003125 0.060505 0.066090 0.078727 0.113168 0.152731 0.083030 0.069932 0.072237 0.058814 0.023533 0.034136 0.043619 0.007703 0.012037 0.018832 0.101781 
31.831600 0.003556 0.044881 0.119062 0.112941 0.036801 0.038788 0.114896 0.062500 0.093788 0.045568 0.035745 0.016519 0.090536 0.008115 0.028344 0.041003 0.106954 
30.717494 0.001543 0.063998 0.109178 0.064941 0.039211 0.067483 0.162700 0.027738 0.083726 0.031345 0.086452 0.002633 0.028177 0.016444 0.050462 0.039441 0.124529 
29.642382 0.005307 0.054126 0.084982 0.043021 0.094906 0.126496 0.095614 0.072431 0.074885 0.052385 0.081035 0.016761 0.028928 0.013754 0.031564 0.022709 0.101096 
28.604898 0.001717 0.018032 0.102272 0.045588 0.085578 0.093958 0.081593 0.082073 0.135453 0.122854 0.059772 0.028364 0.008181 0.053904 0.012862 0.027037 0.040761 
27.603727 0.004761 0.028743 0.111226 0.093373 0.068864 0.133833 0.071449 0.106713 0.063379 0.054457 0.052955 0.024937 0.050468 0.035717 0.002167 0.021966 0.074993 
26.637596 0.004315 0.059067 0.105732 0.115292 0.105922 0.080880 0.091444 0.145976 0.018689 0.044810 0.030715 0.022468 0.047914 0.013540 0.005389 0.028493 0.079355 
25.705281 0.002663 0.059537 0.160771 0.059632 0.098888 0.087171 0.101454 0.038591 0.029329 0.160854 0.016313 0.051514 0.001983 0.000000 0.019559 0.016388 0.095354 
24.805596 0.001538 0.049954 0.167664 0.084155 0.070919 0.094868 0.089016 0.075828 0.012343 0.113094 0.045399 0.033549 0.039863 0.007531 0.028530 0.018079 0.067670 
23.937400 0.004111 0.060254 0.090982 0.098545 0.119837 0.082075 0.047945 0.039627 0.126017 0.098120 0.037027 0.029973 0.060852 0.006364 0.003200 0.047177 0.047892 
23.099591 0.004646 0.056961 0.067554 0.138505 0.176501 0.061914 0.048326 0.047758 0.149643 0.042998 0.036160 0.008799 0.021215 0.007370 0.025606 0.027600 0.078446 
22.291105 0.002655 0.086957 0.099566 0.167998 0.077838 0.065498 0.059788 0.114921 0.093054 0.022805 0.023720 0.003055 0.005400 0.045649 0.014891 0.035370 0.080836 
21.510917 0.003586 0.067369 0.067615 0.101300 0.107698 0.098398 0.070121 0.099230 0.096147 0.030021 0.039247 0.055732 0.016987 0.060052 0.010997 0.016897 0.058604 
20.758034 0.004991 0.046551 0.084578 0.079733 0.138134 0.189127 0.073548 0.046802 0.102991 0.010306 0.040953 0.035257 0.033284 0.008108 0.006770 0.023424 0.075443 
20.031503 0.002373 0.044183 0.100950 0.131880 0.109113 0.185829 0.047461 0.063127 0.101555 0.033722 0.023792 0.055169 0.004185 0.000000 0.006418 0.019024 0.071221 
19.330401 0.005568 0.045778 0.146905 0.138007 0.086762 0.108356 0.035460 0.101146 0.073835 0.020395 0.016125 0.031199 0.046933 0.006672 0.000000 0.034093 0.102768 
18.653837 0.004357 0.027930 0.116336 0.134014 0.086785 0.080614 0.029785 0.168313 0.059207 0.052752 0.041773 0.043793 0.021371 0.011559 0.000561 0.018431 0.102420 
18.000952 0.006135 0.055085 0.080036 0.122930 0.119512 0.090586 0.080754 0.132440 0.088956 0.009427 0.021498 0.028852 0.003598 0.000000 0.000000 0.026911 0.133279 
17.370919 0.005233 0.078851 0.071538 0.107669 0.059942 0.145436 0.120417 0.105641 0.028537 0.019465 0.027436 0.061373 0.003194 0.000000 0.019679 0.008956 0.136635 
16.762937 0.005973 0.075207 0.103939 0.092423 0.085958 0.127438 0.176319 0.062863 0.039653 0.022083 0.004063 0.006482 0.000000 0.019974 0.000000 0.043748 0.133876 
16.176234 0.005776 0.043265 0.112161 0.148724 0.148993 0.044706 0.175460 0.042361 0.026233 0.085574 0.009682 0.001332 0.000000 0.004109 0.000000 0.062002 0.089623 
15.610066 0.005066 0.020154 0.089936 0.146794 0.091310 0.074404 0.140703 0.077759 0.004610 0.053426 0.034337 0.008130 0.045685 0.032862 0.003070 0.039731 0.132023 
15.063714 0.005098 0.043397 0.087522 0.145668 0.052925 0.055772 0.107176 0.055656 0.042592 0.045635 0.032883 0.040714 0.065521 0.016034 0.013126 0.047134 0.143148 
14.536484 0.006502 0.037434 0.113184 0.056070 0.074915 0.076026 0.124778 0.061828 0.065932 0.108491 0.074146 0.010526 0.000395 0.036875 0.000417 0.058366 0.094116 
14.027707 0.004995 0.035601 0.124884 0.061923 0.096032 0.080999 0.116615 0.105836 0.006520 0.112344 0.051070 0.000243 0.021392 0.016929 0.003827 0.081213 0.079578 
13.536737 0.005304 0.053594 0.111715 0.126898 0.063317 0.070353 0.200488 0.031750 0.021424 0.020347 0.016136 0.029460 0.063340 0.009426 0.002792 0.090530 0.083127 
13.062951 0.009490 0.058089 0.097344 0.090759 0.087987 0.105420 0.170173 0.024963 0.035381 0.046874 0.009025 0.028429 0.055919 0.000000 0.013122 0.058919 0.108106 
12.605748 0.007086 0.038973 0.095139 0.128822 0.124763 0.105597 0.122637 0.080315 0.037479 0.065498 0.000000 0.008165 0.012580 0.021226 0.014717 0.052207 0.084795 
12.164547 0.006296 0.050884 0.112999 0.128221 0.117752 0.065397 0.087670 0.058802 0.117010 0.048530 0.031333 0.037232 0.006067 0.000000 0.000000 0.062176 0.069630 
11.738788 0.006202 0.037277 0.081239 0.157478 0.123350 0.026412 0.067728 0.047391 0.077114 0.042112 0.068702 0.011609 0.000000 0.010818 0.014994 0.068473 0.159102 
11.327930 0.005346 0.077661 0.042307 0.109600 0.092798 0.141961 0.036313 0.051675 0.103812 0.037178 0.047695 0.016322 0.046694 0.016751 0.026165 0.025573 0.122149 
10.931452 0.006533 0.095660 0.046104 0.097264 0.139268 0.189601 0.058214 0.038298 0.034902 0.015085 0.065555 0.058838 0.008866 0.012968 0.000000 0.062435 0.070409 
10.548852 0.002315 0.071193 0.072338 0.065531 0.180762 0.158117 0.076206 0.041656 0.059611 0.026659 0.071133 0.030854 0.005240 0.026149 0.000000 0.059737 0.052500 
10.179642 0.006923 0.084808 0.083061 0.086937 0.164080 0.052452 0.119124 0.103164 0.080715 0.024847 0.017144 0.005307 0.004531 0.053010 0.000000 0.048971 0.064926 
9.823354 0.008322 0.080070 0.049989 0.101668 0.178906 0.043157 0.072537 0.068440 0.129252 0.034448 0.027834 0.002433 0.027540 0.014261 0.000000 0.036084 0.125060 
9.479537 0.004786 0.076852 0.054088 0.088197 0.118914 0.108297 0.104056 0.090158 0.128730 0.051614 0.013884 0.000000 0.018417 0.000000 0.000000 0.013888 0.128119 
9.147753 0.003938 0.095998 0.076161 0.084207 0.142856 0.108292 0.126373 0.071756 0.097342 0.033546 0.027511 0.013609 0.017467 0.000000 0.000000 0.043345 0.057600 
8.827582 0.005340 0.100573 0.068392 0.106074 0.164803 0.092028 0.082615 0.017459 0.103604 0.024937 0.004837 0.022354 0.007041 0.000000 0.000000 0.089527 0.110417 
8.518616 0.005021 0.103143 0.081686 0.139189 0.080534 0.122121 0.074874 0.060745 0.086536 0.032585 0.020634 0.014815 0.001127 0.000245 0.004392 0.042185 0.130169 
8.220465 0.005262 0.055018 0.118619 0.128344 0.181126 0.051867 0.078670 0.103326 0.042324 0.034329 0.046447 0.001924 0.002148 0.000001 0.014353 0.043213 0.093029 
7.932749 0.004760 0.113848 0.126431 0.091687 0.159562 0.079942 0.068585 0.070555 0.023704 0.037251 0.027625 0.020605 0.000000 0.000000 0.004625 0.060300 0.110521 
7.655102 0.009760 0.094764 0.181011 0.075016 0.129857 0.127482 0.029998 0.077065 0.066328 0.008211 0.000010 0.008226 0.017551 0.000000 0.000000 0.051647 0.123074 
7.387174 0.005027 0.092664 0.068670 0.079402 0.095624 0.174587 0.022964 0.077998 0.073804 0.008542 0.041598 0.000010 0.030412 0.013458 0.002273 0.081565 0.131401 
7.128623 0.009424 0.137387 0.129789 0.023550 0.122132 0.064221 0.069417 0.055227 0.093571 0.006370 0.058378 0.025195 0.000067 0.000000 0.000000 0.077871 0.127402 
6.879121 0.003666 0.100546 0.137498 0.094208 0.049950 0.031497 0.067842 0.110575 0.108440 0.018766 0.041033 0.001597 0.000008 0.000000 0.000000 0.092553 0.141821 
6.638352 0.004345 0.073830 0.162698 0.103158 0.054945 0.095657 0.039767 0.069538 0.024866 0.045741 0.043654 0.066138 0.035403 0.002716 0.001790 0.082711 0.093044 
6.406009 0.002263 0.042053 0.110951 0.070672 0.146175 0.124500 0.047651 0.030393 0.020995 0.122993 0.036553 0.021187 0.002409 0.017650 0.000000 0.068792 0.134763 
6.181799 0.002955 0.063029 0.137904 0.065722 0.088832 0.042217 0.129520 0.036318 0.049801 0.037662 0.047051 0.010755 0.000000 0.024667 0.000000 0.060693 0.202876 
5.965436 0.007720 0.095992 0.127741 0.221283 0.095898 0.053593 0.094673 0.022124 0.003887 0.007460 0.008167 0.002152 0.026771 0.000000 0.000000 0.044729 0.187810 
5.756646 0.011231 0.109412 0.159564 0.220160 0.123990 0.052194 0.032158 0.036713 0.000119 0.008074 0.000000 0.000000 0.016207 0.035205 0.000000 0.028912 0.166062 
5.555163 0.008285 0.094793 0.138992 0.121283 0.059168 0.082248 0.057781 0.052076 0.039508 0.015195 0.003371 0.002324 0.009631 0.002309 0.000000 0.047782 0.265253 
5.360732 0.007914 0.054909 0.128866 0.103651 0.101394 0.104736 0.076309 0.056685 0.073278 0.004238 0.000021 0.000000 0.000000 0.023018 0.000000 0.095037 0.169944 
5.173107 0.009578 0.065597 0.152534 0.106571 0.069890 0.124927 0.059541 0.048666 0.048171 0.049638 0.012907 0.003224 0.000000 0.000000 0.000014 0.087001 0.161741 
4.992048 0.008207 0.107125 0.082011 0.089563 0.137221 0.143800 0.026741 0.137269 0.053021 0.038360 0.005615 0.017119 0.000000 0.000000 0.000000 0.076953 0.076995 
4.817326 0.009863 0.049786 0.155718 0.076288 0.125797 0.062305 0.119721 0.089654 0.057428 0.087460 0.000049 0.000009 0.000002 0.000000 0.000000 0.062687 0.103233 
4.648720 0.007500 0.088035 0.115833 0.167284 0.074734 0.086156 0.176897 0.046104 0.021074 0.049516 0.000468 0.000008 0.018806 0.000273 0.000000 0.047597 0.099714 
4.486015 0.009714 0.066817 0.109904 0.325430 0.064903 0.139404 0.009694 0.039535 0.058923 0.001530 0.000000 0.000000 0.002512 0.015466 0.000000 0.076555 0.079613 
4.329004 0.011669 0.150095 0.102144 0.139628 0.049737 0.212591 0.033450 0.006151 0.018242 0.008652 0.019187 0.001016 0.004151 0.015841 0.005182 0.046274 0.175992 
4.177489 0.004348 0.148504 0.106970 0.105325 0.127428 0.194798 0.069965 0.003840 0.013607 0.012387 0.022914 0.024002 0.000000 0.000000 0.000000 0.038551 0.127361 
4.031277 0.005537 0.100575 0.129057 0.133733 0.111169 0.118184 0.052757 0.055381 0.050781 0.024779 0.015936 0.000038 0.000000 0.000000 0.000026 0.054023 0.148022 
3.890182 0.002847 0.052787 0.198535 0.105416 0.067288 0.066923 0.082499 0.049545 0.040359 0.007399 0.000000 0.025253 0.012093 0.000000 0.000000 0.155856 0.133200 
3.754026 0.004642 0.105239 0.199637 0.117966 0.133502 0.108275 0.026975 0.012284 0.026802 0.007889 0.006919 0.007582 0.012707 0.000000 0.000000 0.089833 0.139750 
3.622635 0.009695 0.125167 0.167813 0.223840 0.028350 0.031203 0.005533 0.020216 0.061426 0.026981 0.000043 0.009772 0.000000 0.000000 0.000000 0.053397 0.236563 
3.495843 0.010675 0.176978 0.130227 0.189431 0.013028 0.005140 0.056608 0.031801 0.009920 0.011540 0.000002 0.043313 0.003114 0.000000 0.000000 0.099942 0.218282 
3.373488 0.011709 0.158549 0.135706 0.195804 0.018147 0.045737 0.073242 0.047158 0.000022 0.004263 0.000484 0.000000 0.000011 0.000000 0.000000 0.073645 0.235521 
3.255416 0.003737 0.064900 0.141809 0.185966 0.062581 0.139901 0.070692 0.011341 0.034323 0.000050 0.008771 0.061034 0.000000 0.000000 0.000000 0.051302 0.163594 
3.141477 0.013510 0.050651 0.170957 0.122159 0.111596 0.135138 0.047019 0.015784 0.076843 0.000036 0.000000 0.028494 0.000000 0.000000 0.001818 0.035635 0.190360 
3.031525 0.018270 0.102861 0.137918 0.148524 0.091522 0.125766 0.026426 0.043933 0.050112 0.000000 0.000038 0.007488 0.033435 0.000000 0.000000 0.020531 0.193177 
2.925422 0.013602 0.144667 0.106003 0.093301 0.089628 0.134077 0.043425 0.044909 0.028501 0.014970 0.000000 0.000000 0.000048 0.000000 0.000000 0.048669 0.238200 
2.823032 0.008326 0.103788 0.095391 0.099075 0.083943 0.102851 0.019677 0.005394 0.021458 0.032815 0.000020 0.000000 0.015802 0.000000 0.000000 0.086994 0.324466 
2.724226 0.009961 0.125986 0.121797 0.170837 0.110690 0.020904 0.028389 0.048451 0.055515 0.030736 0.006790 0.000000 0.000000 0.000000 0.000000 0.068328 0.201616 
2.628878 0.008185 0.172132 0.114942 0.143006 0.144085 0.060849 0.030563 0.088832 0.000042 0.000226 0.000021 0.002414 0.038126 0.000000 0.000000 0.073176 0.123402 
2.536867 0.008339 0.087341 0.091518 0.180680 0.076126 0.151857 0.017475 0.069174 0.026279 0.028615 0.040273 0.000000 0.000000 0.000000 0.000000 0.056584 0.165740 
2.448077 0.008358 0.077712 0.185397 0.136705 0.003613 0.222096 0.054270 0.018824 0.000014 0.016843 0.045866 0.000000 0.000025 0.000000 0.000000 0.057047 0.173230 
2.362394 0.016970 0.095696 0.164773 0.085447 0.016117 0.142022 0.132915 0.026815 0.050638 0.005380 0.042291 0.024353 0.006609 0.000000 0.000000 0.065216 0.124758 
2.279710 0.011431 0.128849 0.123856 0.149901 0.107318 0.073782 0.093020 0.062721 0.013814 0.000031 0.013819 0.009996 0.000000 0.000000 0.000000 0.077210 0.134251 
2.199920 0.023027 0.132745 0.108057 0.181252 0.073558 0.058386 0.080101 0.038018 0.025251 0.035712 0.018551 0.000000 0.000000 0.000000 0.000000 0.065155 0.160187 
2.122923 0.017861 0.141020 0.148491 0.111795 0.147027 0.072954 0.061793 0.000091 0.000111 0.010526 0.007006 0.000000 0.000000 0.000000 0.002264 0.063426 0.215633 
2.048621 0.007231 0.121325 0.097057 0.177086 0.110953 0.064358 0.066748 0.006667 0.001888 0.000111 0.000000 0.004227 0.000622 0.000000 0.000000 0.088071 0.253656 
1.976919 0.023146 0.091495 0.063565 0.200189 0.120365 0.067131 0.059374 0.023762 0.016044 0.000000 0.025288 0.000000 0.000000 0.000000 0.000000 0.052194 0.257447 
1.907727 0.017238 0.134846 0.122747 0.065938 0.178063 0.089168 0.037727 0.013899 0.008035 0.001884 0.000000 0.000000 0.005795 0.000000 0.000000 0.084093 0.240567 
1.840957 0.009897 0.156610 0.099598 0.093739 0.156689 0.131013 0.012101 0.047756 0.007476 0.004419 0.000000 0.000000 0.000000 0.000000 0.000000 0.098482 0.182221 
1.776523 0.005617 0.183925 0.068987 0.203965 0.130790 0.086988 0.032939 0.062164 0.013956 0.000000 0.045177 0.000000 0.000000 0.000000 0.000000 0.034645 0.130847 
1.714345 0.011072 0.140538 0.141862 0.129846 0.147638 0.113600 0.015794 0.040525 0.001658 0.000000 0.019101 0.028707 0.026778 0.000000 0.000000 0.024459 0.158422 
1.654343 0.020351 0.120441 0.082330 0.077213 0.064496 0.156309 0.007927 0.000114 0.002357 0.000106 0.046296 0.017971 0.018991 0.000000 0.000000 0.056648 0.328450 
1.596441 0.028117 0.162252 0.074942 0.192124 0.059600 0.122789 0.000130 0.000226 0.007487 0.006044 0.021271 0.000000 0.061827 0.000000 0.000000 0.058282 0.204910 
1.540565 0.009995 0.178772 0.091487 0.181716 0.029390 0.119974 0.000214 0.000000 0.014090 0.000013 0.004464 0.000000 0.003899 0.000000 0.000000 0.094066 0.271920 
1.486645 0.008435 0.129941 0.106536 0.082283 0.004873 0.104705 0.062450 0.000020 0.032097 0.000000 0.004435 0.000000 0.000074 0.000000 0.000000 0.149458 0.314694 
1.434613 0.008261 0.092224 0.132918 0.107982 0.017147 0.093581 0.124567 0.000215 0.036740 0.000331 0.002176 0.000000 0.000000 0.000000 0.000000 0.090022 0.293837 
1.384401 0.007452 0.142164 0.243629 0.074155 0.042061 0.095879 0.004177 0.000130 0.000063 0.000000 0.000000 0.000000 0.000123 0.000000 0.000000 0.065928 0.324239 
1.335947 0.012149 0.181704 0.268235 0.050471 0.038331 0.032341 0.003276 0.007559 0.018603 0.000000 0.000031 0.000000 0.000000 0.000000 0.000000 0.096016 0.291283 
1.289189 0.017404 0.142851 0.257094 0.095846 0.011062 0.091831 0.022830 0.013051 0.004707 0.000000 0.000000 0.000000 0.000971 0.000000 0.000000 0.043462 0.298892 
1.244068 0.026480 0.094803 0.109917 0.138913 0.021829 0.051637 0.033394 0.033373 0.010973 0.017462 0.000000 0.000000 0.000000 0.000000 0.000000 0.088341 0.372878 
1.200525 0.025844 0.111833 0.116976 0.151014 0.030886 0.022612 0.041363 0.018355 0.011306 0.046688 0.001823 0.000051 0.000000 0.000000 0.000000 0.099949 0.321300 
1.158507 0.013809 0.154859 0.141387 0.119002 0.080864 0.011342 0.030998 0.001354 0.015578 0.028979 0.000011 0.000000 0.005665 0.002246 0.000000 0.132023 0.261883 
1.117959 0.002390 0.212991 0.136382 0.084212 0.131739 0.027154 0.049098 0.000785 0.015836 0.000000 0.000000 0.000048 0.010256 0.000000 0.000000 0.130732 0.198380 
1.078831 0.014449 0.214991 0.220048 0.080621 0.093960 0.053464 0.050873 0.009950 0.000191 0.003093 0.000122 0.000000 0.000000 0.000000 0.000000 0.088309 0.169928 
1.041071 0.026011 0.179813 0.232903 0.070484 0.024293 0.043236 0.075192 0.000019 0.040226 0.005112 0.000000 0.000000 0.006208 0.002737 0.000000 0.154538 0.139229 
1.004634 0.009539 0.209345 0.182998 0.106964 0.055179 0.111266 0.033424 0.008847 0.002682 0.000000 0.008323 0.000343 0.000000 0.000000 0.000000 0.105937 0.165154 
0.969472 0.007799 0.118266 0.181121 0.118700 0.047691 0.133116 0.061241 0.000037 0.048237 0.000085 0.015212 0.007702 0.000000 0.000000 0.000000 0.042661 0.218134 
0.935540 0.014027 0.194274 0.182921 0.051174 0.034319 0.132284 0.042870 0.021198 0.000881 0.000000 0.006366 0.000000 0.000000 0.000000 0.000000 0.075069 0.244616 
0.902796 0.006458 0.234676 0.166579 0.013191 0.052896 0.094076 0.038479 0.023146 0.022789 0.042596 0.000000 0.000000 0.000125 0.000000 0.000000 0.054406 0.250584 
0.871198 0.032554 0.237494 0.233584 0.046180 0.050365 0.034697 0.072470 0.022051 0.000077 0.005127 0.000000 0.000000 0.000000 0.000000 0.000000 0.079736 0.185664 
0.840707 0.027514 0.135717 0.220557 0.091755 0.053534 0.038560 0.093989 0.078775 0.026348 0.000112 0.000002 0.000000 0.000000 0.000000 0.000000 0.033634 0.199503 
0.811282 0.019747 0.162395 0.176281 0.054523 0.065879 0.152463 0.086044 0.050485 0.000410 0.000000 0.000000 0.000000 0.000016 0.000000 0.000000 0.077663 0.154095 
0.782887 0.041912 0.126794 0.105376 0.188122 0.052782 0.087773 0.015564 0.022010 0.001621 0.000280 0.016296 0.000006 0.011136 0.000000 0.000000 0.185578 0.144750 
0.755486 0.023519 0.200500 0.161884 0.143462 0.074635 0.012760 0.048922 0.000059 0.000000 0.000000 0.018832 0.000000 0.000430 0.000000 0.000000 0.114644 0.200353 
0.729044 0.020933 0.193736 0.229728 0.128187 0.026123 0.026958 0.024791 0.020517 0.000224 0.000112 0.000126 0.000000 0.000000 0.000000 0.000000 0.055008 0.273557 
0.703527 0.024857 0.133563 0.159581 0.160687 0.014317 0.032023 0.025390 0.000322 0.000000 0.000000 0.045551 0.004756 0.000000 0.000000 0.000000 0.105042 0.293913 
0.678904 0.025884 0.091330 0.126773 0.088317 0.107620 0.037976 0.033263 0.003164 0.000422 0.000000 0.001188 0.009399 0.000263 0.000000 0.000000 0.127802 0.346600 
0.655142 0.024893 0.099366 0.177708 0.156670 0.159299 0.019192 0.023120 0.019233 0.026500 0.000000 0.000000 0.000000 0.000000 0.000000 0.000000 0.078580 0.215439 
0.632212 0.032207 0.170182 0.142652 0.180178 0.119764 0.044357 0.006670 0.000517 0.065288 0.000025 0.000000 0.000217 0.000097 0.000000 0.000000 0.058932 0.178913 
0.610085 0.015128 0.116330 0.127414 0.186051 0.114756 0.008376 0.045587 0.044241 0.011701 0.017409 0.000000 0.000000 0.010788 0.001153 0.000000 0.084730 0.216335 
0.588732 0.013604 0.064788 0.105626 0.116737 0.088296 0.047570 0.091049 0.023735 0.000428 0.057290 0.000000 0.000392 0.001007 0.000000 0.000000 0.163222 0.226256 
0.568126 0.007606 0.035009 0.192665 0.115562 0.064126 0.019445 0.136571 0.009008 0.011052 0.003128 0.000000 0.000000 0.000000 0.000000 0.000000 0.067883 0.337945 
0.548242 0.012146 0.135880 0.196914 0.092319 0.088841 0.027162 0.100606 0.000152 0.028397 0.019482 0.000000 0.020616 0.000000 0.000000 0.000000 0.035497 0.241986 
0.529053 0.018101 0.175444 0.113355 0.147466 0.063574 0.019885 0.044575 0.028604 0.000163 0.020768 0.002384 0.000161 0.000716 0.000000 0.000000 0.027825 0.336981 
0.510537 0.008043 0.160548 0.169527 0.132826 0.051705 0.039310 0.018032 0.000815 0.000000 0.000000 0.000000 0.000000 0.000000 0.000037 0.000000 0.068567 0.350591 
0.492668 0.024361 0.178969 0.178410 0.203483 0.068656 0.011772 0.001076 0.000392 0.000000 0.013553 0.002625 0.000135 0.000000 0.000000 0.000000 0.079252 0.237317 
0.475424 0.031923 0.191974 0.069559 0.079877 0.098517 0.021201 0.004173 0.000561 0.004544 0.039921 0.002170 0.025323 0.000000 0.000000 0.000000 0.167052 0.263204 
0.458785 0.011413 0.145206 0.093754 0.046282 0.051143 0.005687 0.113193 0.006672 0.000259 0.000000 0.000275 0.048848 0.000000 0.000376 0.000000 0.167099 0.309793 
0.442727 0.008461 0.165437 0.076035 0.112175 0.059673 0.005349 0.052875 0.000278 0.000029 0.000000 0.000000 0.000000 0.000000 0.000000 0.000000 0.090081 0.429606 
0.427232 0.026772 0.187263 0.111860 0.123913 0.040101 0.023237 0.000369 0.036807 0.000580 0.015092 0.054430 0.000000 0.000000 0.000000 0.000000 0.073195 0.306382 
0.412279 0.046310 0.150378 0.085916 0.130440 0.110971 0.072062 0.017823 0.053448 0.000255 0.000000 0.017393 0.005405 0.000000 0.000641 0.000000 0.080605 0.228353 
0.397849 0.020759 0.181056 0.063318 0.220584 0.177392 0.019280 0.000303 0.011627 0.008400 0.003985 0.003508 0.000000 0.000000 0.000000 0.000000 0.055700 0.234088 
0.383924 0.015221 0.298753 0.084276 0.212163 0.046882 0.060630 0.000689 0.016753 0.000668 0.046205 0.003354 0.000173 0.000000 0.000000 0.000000 0.018174 0.196061 
0.370487 0.031922 0.235081 0.138780 0.218377 0.073649 0.005677 0.011970 0.040859 0.024354 0.001402 0.002764 0.000000 0.000247 0.000000 0.000000 0.049918 0.165001 
0.357520 0.037860 0.224929 0.126591 0.101858 0.033003 0.000806 0.026655 0.004099 0.002266 0.002070 0.000902 0.000000 0.000000 0.000000 0.000000 0.171464 0.267496 
0.345006 0.031039 0.111265 0.103006 0.136563 0.068643 0.047292 0.015267 0.000093 0.016778 0.000000 0.000000 0.000000 0.000000 0.000000 0.042273 0.111442 0.316338 
0.332931 0.022533 0.084214 0.189921 0.149024 0.161245 0.066371 0.030430 0.001350 0.012491 0.000456 0.000000 0.000206 0.000000 0.000000 0.000000 0.054878 0.226882 
0.321279 0.038173 0.179890 0.202622 0.190445 0.029136 0.030230 0.008359 0.000202 0.002399 0.000000 0.000000 0.000000 0.000000 0.005014 0.000000 0.062938 0.250594 
0.310034 0.041511 0.183698 0.130853 0.109840 0.099922 0.022769 0.024369 0.024692 0.000127 0.000814 0.000000 0.000000 0.000000 0.000000 0.000000 0.076127 0.285279 
0.299183 0.041927 0.107940 0.143837 0.186423 0.085841 0.073977 0.054414 0.009583 0.005949 0.018056 0.000322 0.000000 0.030270 0.000000 0.000000 0.054522 0.186939 
0.288711 0.033538 0.131703 0.296312 0.159450 0.027600 0.024658 0.008075 0.063470 0.000000 0.000000 0.003786 0.000000 0.000000 0.000000 0.000000 0.046790 0.204617 
0.278606 0.072152 0.145165 0.204109 0.113160 0.070599 0.026395 0.033901 0.001868 0.002993 0.000000 0.000565 0.000000 0.000000 0.000000 0.000000 0.050817 0.278275 
0.268855 0.034048 0.291458 0.156772 0.071924 0.042311 0.065979 0.079080 0.020004 0.000360 0.000000 0.000000 0.000000 0.000000 0.000747 0.000000 0.050251 0.187067 
0.259445 0.035632 0.260098 0.124037 0.087971 0.052658 0.021569 0.021249 0.036367 0.000000 0.000000 0.000000 0.024676 0.006994 0.000000 0.000000 0.059233 0.269516 
0.250365 0.012514 0.140221 0.072585 0.150121 0.113164 0.010020 0.002210 0.068545 0.001385 0.001431 0.000000 0.031800 0.000550 0.000000 0.000000 0.032102 0.363351 
0.241602 0.029411 0.165079 0.127906 0.124112 0.145702 0.020860 0.000000 0.055313 0.002010 0.027102 0.000000 0.000000 0.000000 0.006298 0.000000 0.073850 0.222358 
0.233146 0.035319 0.169263 0.179408 0.054538 0.011805 0.092490 0.029572 0.027876 0.000000 0.002682 0.000000 0.000000 0.000000 0.000000 0.000000 0.133942 0.263106 
0.224986 0.044956 0.216393 0.082342 0.106750 0.004390 0.133113 0.000633 0.003000 0.025596 0.000214 0.000000 0.000000 0.000000 0.000000 0.000000 0.173883 0.208731 
0.217111 0.036096 0.188859 0.103761 0.067838 0.055548 0.072135 0.021173 0.004225 0.000316 0.001967 0.001997 0.000000 0.000000 0.000000 0.000000 0.070786 0.375298 
0.209512 0.047737 0.151476 0.092966 0.045897 0.049410 0.058217 0.003543 0.000623 0.016669 0.000000 0.000000 0.007606 0.000000 0.000000 0.000000 0.091318 0.434538 
0.202179 0.041036 0.244981 0.070186 0.058950 0.001328 0.030749 0.009790 0.000656 0.009396 0.000493 0.000000 0.000000 0.000000 0.000000 0.000000 0.112487 0.419948 
0.195103 0.044933 0.241151 0.190961 0.072239 0.002019 0.057184 0.012774 0.000000 0.002738 0.000000 0.000000 0.000000 0.000000 0.000000 0.000000 0.104006 0.271995 
0.188275 0.039347 0.103914 0.214591 0.080621 0.026986 0.054584 0.001331 0.013486 0.000000 0.005071 0.019454 0.000000 0.000000 0.018203 0.000000 0.210873 0.211540 
0.181685 0.072532 0.175910 0.168458 0.071608 0.052225 0.007854 0.007844 0.007155 0.024215 0.000000 0.000000 0.000000 0.000000 0.000111 0.000000 0.102574 0.309513 
0.175326 0.052747 0.270780 0.188529 0.087598 0.024145 0.013282 0.001130 0.007300 0.031085 0.000000 0.001015 0.000000 0.000000 0.000000 0.000000 0.147000 0.175391 
0.169190 0.064716 0.119455 0.224334 0.193031 0.061164 0.031166 0.000941 0.021376 0.000098 0.000000 0.000000 0.000000 0.000000 0.000000 0.000000 0.161267 0.122452 
0.163268 0.055744 0.094634 0.126033 0.260152 0.032774 0.013839 0.008188 0.070485 0.000000 0.000000 0.000907 0.000000 0.000000 0.000000 0.000000 0.134987 0.202257 
0.157554 0.023939 0.160294 0.114875 0.125323 0.010883 0.001972 0.008248 0.108216 0.000000 0.002286 0.002419 0.000000 0.000000 0.000000 0.000000 0.225512 0.216034 
0.152039 0.005974 0.268648 0.086579 0.207651 0.011146 0.043763 0.040588 0.002744 0.004126 0.021978 0.005417 0.000000 0.000000 0.000000 0.000000 0.122792 0.178592 
0.146718 0.019191 0.198789 0.074192 0.149035 0.054128 0.080162 0.059631 0.001152 0.001984 0.000659 0.000000 0.000000 0.000000 0.000000 0.000000 0.129682 0.231395 
0.141583 0.059523 0.108613 0.116063 0.144579 0.059720 0.011580 0.011699 0.033755 0.010207 0.038682 0.000000 0.021022 0.000000 0.000000 0.000000 0.111608 0.272951 
0.136627 0.039982 0.128984 0.099103 0.166478 0.023270 0.055798 0.008941 0.000460 0.006291 0.002669 0.000000 0.014490 0.000000 0.000000 0.002587 0.137820 0.313128 
0.131845 0.010804 0.184494 0.150834 0.099022 0.049770 0.084768 0.000769 0.000000 0.001747 0.000430 0.000000 0.003786 0.000000 0.000000 0.000000 0.134602 0.278975 
0.127231 0.018031 0.106615 0.069856 0.232014 0.139950 0.015678 0.011463 0.002327 0.000000 0.000000 0.004405 0.000310 0.000000 0.000000 0.000000 0.140521 0.258829 
0.122778 0.022423 0.046516 0.115785 0.253849 0.058447 0.024162 0.043562 0.025153 0.004063 0.000000 0.000000 0.000000 0.000000 0.000000 0.000000 0.123518 0.282521 
0.118480 0.049969 0.145701 0.188418 0.089747 0.016577 0.002169 0.014138 0.080871 0.052022 0.002138 0.001752 0.000000 0.000000 0.000000 0.000000 0.067792 0.288705 
0.114334 0.095077 0.125320 0.136058 0.109658 0.023157 0.003447 0.068595 0.007828 0.008418 0.028750 0.006782 0.000000 0.034034 0.000000 0.022688 0.040568 0.289621 
0.110332 0.097985 0.208402 0.059602 0.114204 0.103769 0.007525 0.017362 0.005526 0.008121 0.032633 0.000000 0.000000 0.005123 0.000000 0.000000 0.185136 0.154611 
0.106470 0.041334 0.237937 0.099670 0.110174 0.127013 0.010576 0.004000 0.005787 0.002341 0.001718 0.005037 0.000000 0.000000 0.000000 0.000000 0.151598 0.202815 
0.102744 0.030119 0.181911 0.214839 0.112408 0.051297 0.005900 0.013079 0.001970 0.001899 0.000137 0.008185 0.000000 0.006387 0.000000 0.000385 0.087569 0.283914 
0.099148 0.066780 0.058136 0.326581 0.166817 0.026695 0.030495 0.007222 0.013840 0.000740 0.000000 0.000588 0.000000 0.000000 0.081499 0.000000 0.034337 0.186269 
0.095678 0.061108 0.158573 0.250697 0.117770 0.044116 0.023278 0.010914 0.022705 0.000000 0.000000 0.003367 0.000000 0.000000 0.000000 0.000000 0.128244 0.179227 
0.092329 0.088442 0.355214 0.137794 0.071974 0.035717 0.013853 0.001335 0.002293 0.001613 0.000836 0.000000 0.000000 0.000000 0.000000 0.000000 0.086454 0.204475 
0.089097 0.044790 0.219607 0.165939 0.075921 0.078709 0.016196 0.024806 0.000000 0.000000 0.003707 0.000000 0.000000 0.000000 0.000000 0.000000 0.037100 0.333225 
0.085979 0.034546 0.097597 0.230830 0.076563 0.070829 0.005360 0.004802 0.000000 0.000569 0.002034 0.000000 0.121986 0.000000 0.000000 0.000000 0.034184 0.320698 
0.082970 0.042347 0.145660 0.151689 0.063172 0.031306 0.028604 0.024654 0.025155 0.000000 0.005743 0.000000 0.004113 0.000111 0.000000 0.000000 0.066227 0.411219 
0.080066 0.061876 0.181556 0.105492 0.042142 0.001509 0.000865 0.015788 0.001786 0.004497 0.002816 0.000000 0.000000 0.015121 0.000000 0.000342 0.102452 0.463757 
0.077264 0.053740 0.084702 0.087160 0.034739 0.087106 0.009098 0.015686 0.036769 0.045211 0.000000 0.000000 0.000000 0.000000 0.000000 0.000000 0.246518 0.299269 
0.074559 0.047336 0.219539 0.063111 0.060453 0.135631 0.011328 0.011264 0.020233 0.010700 0.001722 0.000000 0.000000 0.000000 0.000000 0.000000 0.104940 0.313742 
0.071950 0.043843 0.224568 0.100252 0.038271 0.138262 0.059928 0.014009 0.001627 0.000000 0.000000 0.000000 0.000000 0.000000 0.000000 0.000000 0.190378 0.188863 
0.069431 0.056796 0.207025 0.090164 0.213236 0.032673 0.107214 0.001340 0.000000 0.000000 0.000000 0.000645 0.000000 0.000000 0.000000 0.000000 0.116699 0.174208 
0.067001 0.053220 0.179270 0.158861 0.102566 0.025599 0.048580 0.034084 0.000282 0.000000 0.001181 0.000000 0.000000 0.000000 0.000000 0.000000 0.079806 0.316551 
0.064656 0.031243 0.232512 0.172279 0.030460 0.027570 0.037569 0.022099 0.002798 0.000000 0.021226 0.000000 0.000000 0.000000 0.000000 0.000000 0.046654 0.375589 
0.062393 0.033268 0.266617 0.117096 0.056710 0.112500 0.005908 0.002978 0.011793 0.000000 0.016008 0.000000 0.000000 0.000000 0.000000 0.000000 0.088171 0.288949 
0.060210 0.057202 0.196805 0.173141 0.036078 0.041653 0.001759 0.006795 0.001660 0.000000 0.027020 0.000000 0.000000 0.001535 0.000000 0.000000 0.127589 0.328764 
0.058102 0.050650 0.278381 0.056249 0.139149 0.013178 0.000000 0.015909 0.002268 0.000000 0.005156 0.000000 0.000000 0.000000 0.000000 0.001505 0.054782 0.382773 
0.056069 0.095810 0.192497 0.113243 0.144530 0.012159 0.019549 0.037009 0.031413 0.008013 0.000000 0.000000 0.000000 0.000000 0.000000 0.000000 0.069157 0.276620 
0.054106 0.049405 0.189481 0.195144 0.112687 0.004163 0.027806 0.111066 0.023839 0.001040 0.000000 0.000000 0.000000 0.000000 0.000000 0.000000 0.066267 0.219100 
0.052213 0.060039 0.125877 0.146437 0.064082 0.027387 0.023473 0.123325 0.000669 0.000321 0.000000 0.022004 0.000000 0.000000 0.000000 0.000000 0.082579 0.323806 
0.050385 0.018264 0.080212 0.093914 0.092563 0.065208 0.012796 0.013947 0.015547 0.000000 0.000508 0.007096 0.000000 0.000000 0.000000 0.000000 0.161993 0.437952 
0.048622 0.016256 0.088393 0.068842 0.125839 0.075156 0.036598 0.009264 0.009952 0.012921 0.000000 0.000000 0.000000 0.000000 0.003970 0.000000 0.138193 0.414616 
0.046920 0.031099 0.171128 0.110717 0.074464 0.037785 0.030543 0.000000 0.002914 0.004109 0.016896 0.000000 0.000000 0.000000 0.000000 0.000000 0.084679 0.435666 
0.045278 0.078733 0.172244 0.105446 0.060655 0.070412 0.002240 0.007279 0.000000 0.028445 0.000464 0.000000 0.000000 0.000429 0.000000 0.000000 0.078085 0.395568 
0.043693 0.115473 0.114466 0.071683 0.138969 0.090383 0.017170 0.011573 0.000000 0.013111 0.000000 0.000000 0.002292 0.000000 0.000000 0.000000 0.095956 0.328924 
0.042164 0.076036 0.250700 0.059572 0.247548 0.016002 0.013564 0.000000 0.000000 0.000000 0.000000 0.000000 0.000000 0.000000 0.000000 0.000000 0.065367 0.271213 
0.040688 0.085537 0.321459 0.025656 0.106682 0.014838 0.019915 0.001718 0.011925 0.000000 0.000000 0.000000 0.018421 0.000000 0.000000 0.000000 0.064443 0.329405 
0.039264 0.061620 0.209179 0.049759 0.146531 0.011107 0.046214 0.012119 0.010984 0.022395 0.010157 0.000000 0.000000 0.000000 0.000000 0.000000 0.081883 0.338050 
0.037890 0.094752 0.158277 0.089751 0.109376 0.023866 0.106597 0.012427 0.017954 0.005810 0.000000 0.000000 0.000000 0.000000 0.000860 0.000000 0.089270 0.291060 
0.036564 0.076222 0.157808 0.088359 0.124652 0.106531 0.069996 0.003728 0.002593 0.000000 0.000000 0.000000 0.002050 0.000000 0.000000 0.000000 0.101014 0.267047 
0.035284 0.075335 0.187196 0.124178 0.089270 0.102705 0.027311 0.003327 0.020177 0.003301 0.000000 0.000632 0.000000 0.000000 0.000000 0.000000 0.139779 0.226788 
0.034049 0.095564 0.253461 0.057768 0.104135 0.043957 0.103289 0.002003 0.003620 0.000000 0.000000 0.001975 0.025037 0.000000 0.000000 0.000000 0.070502 0.238691 
0.032857 0.086646 0.203718 0.076105 0.190790 0.053952 0.145144 0.001581 0.000000 0.000000 0.008307 0.002060 0.007235 0.000000 0.000000 0.000000 0.021153 0.203311 
0.031707 0.134884 0.105188 0.088537 0.144135 0.055321 0.029456 0.013810 0.000000 0.004807 0.017340 0.000000 0.000000 0.000000 0.000000 0.000000 0.108529 0.297992 
0.030597 0.028373 0.133666 0.129396 0.063387 0.048717 0.015630 0.029857 0.001153 0.000570 0.006257 0.003558 0.000000 0.000000 0.000000 0.000000 0.191624 0.347812 
0.029526 0.032789 0.183834 0.082268 0.114073 0.080954 0.082177 0.007840 0.000000 0.000000 0.003124 0.000000 0.000000 0.000000 0.000000 0.000000 0.119010 0.293932 
0.028493 0.056562 0.148821 0.127848 0.092741 0.041212 0.092510 0.017639 0.004665 0.000000 0.004837 0.000000 0.000000 0.000000 0.000000 0.000000 0.142978 0.270187 
0.027496 0.090637 0.145712 0.141745 0.061329 0.037839 0.059884 0.031828 0.000000 0.000000 0.002297 0.002068 0.000000 0.001357 0.000000 0.000000 0.137451 0.287853 
0.026533 0.055915 0.216444 0.113370 0.042388 0.096145 0.064870 0.000000 0.000000 0.006131 0.000000 0.000000 0.008338 0.000000 0.000000 0.000000 0.065536 0.330863 
0.025605 0.028225 0.232245 0.149553 0.048224 0.075427 0.056568 0.002395 0.000000 0.004861 0.000000 0.000000 0.000000 0.000000 0.000000 0.000000 0.069780 0.332723 
0.024709 0.060533 0.174581 0.122486 0.085302 0.041557 0.034277 0.000030 0.010157 0.000000 0.000000 0.000000 0.000000 0.001284 0.000000 0.000000 0.107396 0.362396 
0.023844 0.072424 0.196230 0.076490 0.117494 0.069451 0.051125 0.024766 0.004517 0.000000 0.000000 0.000000 0.000000 0.000000 0.000000 0.000000 0.073308 0.314196 
0.023009 0.116066 0.155411 0.077829 0.072970 0.129696 0.033136 0.034935 0.000000 0.000000 0.000000 0.005026 0.000000 0.000000 0.000000 0.000000 0.050026 0.324906 
0.022204 0.065176 0.203239 0.055199 0.086189 0.109659 0.027699 0.012683 0.000000 0.056140 0.000000 0.000000 0.000000 0.000000 0.000000 0.000000 0.050779 0.333237 
0.021427 0.071277 0.243850 0.032428 0.165758 0.044503 0.075197 0.010908 0.027597 0.000605 0.007868 0.000000 0.000000 0.000000 0.000000 0.000000 0.030533 0.289476 
0.020677 0.076609 0.275292 0.050362 0.207013 0.032581 0.049403 0.040283 0.006680 0.000000 0.000000 0.008728 0.001468 0.000000 0.000000 0.000000 0.038693 0.212887 
0.019953 0.092961 0.306480 0.016428 0.121739 0.057333 0.020919 0.000869 0.000000 0.000000 0.000000 0.000000 0.000000 0.000000 0.000000 0.000000 0.114683 0.268587 
0.019255 0.108268 0.298722 0.043555 0.026375 0.088420 0.030455 0.004156 0.000000 0.002483 0.001979 0.000000 0.000000 0.000000 0.000000 0.000000 0.157879 0.237708 
0.018581 0.063395 0.217920 0.174417 0.050963 0.041981 0.036302 0.002915 0.000000 0.000000 0.000000 0.010658 0.000000 0.000000 0.000000 0.000000 0.118964 0.282485 
0.017931 0.055077 0.185264 0.163976 0.062720 0.069305 0.046285 0.000460 0.000000 0.006707 0.000000 0.000000 0.000000 0.000000 0.000000 0.000000 0.139539 0.270667 
