6166.813645 0.031132 0.040934 0.062834 0.050443 0.050851 0.093356 0.054212 0.089248 0.061158 0.063582 0.108699 0.053963 0.034373 0.070020 0.060161 0.036554 0.038480 
3700.088187 0.031057 0.056277 0.057071 0.068179 0.054659 0.041412 0.094907 0.096528 0.040496 0.074266 0.035464 0.052554 0.053143 0.046986 0.090148 0.038963 0.067888 
2220.052912 0.032189 0.041021 0.051828 0.067775 0.074502 0.074064 0.053982 0.048691 0.081341 0.090964 0.048936 0.047523 0.082090 0.071433 0.054900 0.035447 0.043315 
1332.031747 0.031338 0.048057 0.044993 0.060212 0.056375 0.053039 0.030140 0.061153 0.077547 0.054224 0.036841 0.084665 0.084328 0.112631 0.079396 0.032703 0.052358 
799.219048 0.030837 0.036735 0.059998 0.064550 0.050250 0.073963 0.083727 0.094650 0.064641 0.042803 0.046342 0.049056 0.085786 0.047863 0.082410 0.035924 0.050464 
479.531429 0.030618 0.061158 0.042008 0.046996 0.045456 0.053369 0.073196 0.070669 0.048281 0.034408 0.101727 0.063738 0.065718 0.074002 0.112524 0.040117 0.036014 
287.718857 0.030507 0.037420 0.031439 0.083106 0.058847 0.117763 0.035246 0.058489 0.030000 0.092457 0.052919 0.059365 0.030000 0.112027 0.087659 0.034047 0.048708 
200.712235 0.031020 0.030000 0.084414 0.055663 0.058217 0.052248 0.048498 0.048210 0.030000 0.072511 0.030000 0.085981 0.136039 0.075767 0.056641 0.046829 0.057962 
155.268576 0.030000 0.054068 0.062785 0.044055 0.069567 0.112793 0.049222 0.043743 0.058577 0.030000 0.092388 0.037529 0.091270 0.031642 0.086745 0.040475 0.065142 
128.218816 0.032370 0.045866 0.054846 0.070730 0.070563 0.066325 0.093760 0.080490 0.045312 0.042584 0.068696 0.044359 0.067721 0.036674 0.080353 0.050646 0.048706 
112.516941 0.032196 0.048668 0.053258 0.050351 0.080839 0.090583 0.076176 0.075301 0.065311 0.054338 0.044639 0.063801 0.048391 0.048007 0.065062 0.043924 0.059155 
102.440251 0.032661 0.044702 0.063462 0.064610 0.060753 0.066652 0.056760 0.073019 0.066476 0.069310 0.067864 0.062706 0.057090 0.054463 0.061915 0.046842 0.050714 
94.008060 0.032882 0.041204 0.049962 0.057128 0.061595 0.064178 0.069056 0.066394 0.075749 0.094971 0.065986 0.060301 0.042528 0.056081 0.059380 0.044165 0.058438 
86.859671 0.031867 0.054420 0.055711 0.068418 0.079247 0.082168 0.059994 0.060576 0.073885 0.061296 0.058043 0.058530 0.052963 0.057616 0.046529 0.044521 0.054216 
80.661152 0.032478 0.045916 0.066116 0.053233 0.072459 0.068462 0.074380 0.053366 0.073419 0.051893 0.057429 0.063186 0.090239 0.053682 0.052886 0.040562 0.050296 
75.161029 0.033628 0.045227 0.061962 0.099537 0.062964 0.083715 0.052098 0.052551 0.046343 0.074940 0.093091 0.050825 0.060687 0.034525 0.043773 0.046082 0.058052 
70.266723 0.030302 0.045125 0.037627 0.076707 0.043305 0.048007 0.040266 0.104460 0.085166 0.065529 0.078442 0.070122 0.079901 0.039176 0.030807 0.056276 0.068783 
65.949198 0.032733 0.050011 0.068341 0.056253 0.085328 0.070659 0.046466 0.073355 0.062015 0.070615 0.065555 0.046785 0.058458 0.048154 0.054711 0.054414 0.056146 
62.077767 0.032221 0.052815 0.053681 0.055358 0.066881 0.073518 0.068222 0.083322 0.103750 0.054058 0.036080 0.070549 0.065985 0.041570 0.041199 0.050726 0.050066 
58.586319 0.033343 0.045522 0.062141 0.071840 0.086366 0.074430 0.068942 0.061854 0.065772 0.060131 0.067873 0.056148 0.046005 0.037974 0.056654 0.039776 0.065231 
55.424024 0.033368 0.042713 0.057273 0.080861 0.066463 0.074481 0.080845 0.055230 0.059919 0.071695 0.051002 0.058461 0.064878 0.042581 0.045355 0.051241 0.063633 
52.568961 0.032396 0.055390 0.066790 0.057121 0.076321 0.059977 0.092148 0.064304 0.044431 0.081607 0.060846 0.042948 0.044580 0.062707 0.039516 0.048494 0.070424 
49.966839 0.035513 0.055346 0.070095 0.086708 0.070868 0.046395 0.080170 0.051140 0.058328 0.054126 0.107491 0.034292 0.058410 0.040555 0.037641 0.046857 0.066063 
47.599043 0.032764 0.044003 0.063569 0.058358 0.071939 0.103682 0.078336 0.071848 0.061597 0.053831 0.061770 0.049386 0.048393 0.051068 0.037306 0.050959 0.061191 
45.433578 0.032471 0.041514 0.050316 0.062983 0.080416 0.066985 0.082063 0.073934 0.069746 0.067795 0.054701 0.051671 0.063340 0.048462 0.049788 0.042107 0.061710 
43.446589 0.032221 0.045926 0.073072 0.086378 0.074734 0.092206 0.059324 0.064460 0.043207 0.068496 0.068046 0.054929 0.038875 0.047216 0.044102 0.045001 0.061805 
41.617137 0.032498 0.050938 0.070285 0.064872 0.057923 0.054768 0.071267 0.069809 0.081710 0.053955 0.064946 0.057836 0.076322 0.035741 0.039660 0.041583 0.075886 
39.921443 0.034457 0.055218 0.063255 0.055028 0.079208 0.078284 0.065723 0.045966 0.060212 0.072230 0.071042 0.058008 0.056077 0.049881 0.052166 0.044488 0.058756 
38.338388 0.033286 0.053848 0.056727 0.061838 0.067745 0.064434 0.069975 0.084114 0.071464 0.068021 0.054429 0.056845 0.043314 0.054212 0.057023 0.040531 0.062194 
36.863760 0.031913 0.050602 0.057399 0.072966 0.086600 0.077269 0.068832 0.072137 0.068313 0.079143 0.039849 0.047459 0.057921 0.059439 0.037534 0.039691 0.052934 
35.486673 0.034364 0.055022 0.064905 0.063087 0.069037 0.065856 0.087564 0.055827 0.059326 0.062090 0.057788 0.067057 0.059449 0.046833 0.047161 0.048912 0.055720 
34.196597 0.033304 0.063547 0.060876 0.064749 0.097263 0.094532 0.062128 0.064962 0.046112 0.059227 0.041818 0.061292 0.053533 0.052856 0.030000 0.037448 0.076351 
32.986114 0.033325 0.059806 0.057906 0.068078 0.071812 0.074647 0.071674 0.062074 0.080569 0.061291 0.045650 0.047133 0.058301 0.034766 0.050012 0.056367 0.066588 
31.831600 0.032983 0.056890 0.096580 0.074407 0.050579 0.042676 0.081630 0.056657 0.066309 0.050117 0.062125 0.037994 0.077464 0.038169 0.054595 0.048102 0.072721 
30.717494 0.031963 0.059984 0.067380 0.055885 0.052764 0.080061 0.081118 0.046461 0.073843 0.049025 0.077118 0.032511 0.041944 0.054397 0.055916 0.058467 0.081163 
29.642382 0.034946 0.054321 0.068879 0.053032 0.083068 0.081338 0.064370 0.079258 0.060890 0.075453 0.059986 0.046221 0.046928 0.037524 0.043934 0.042986 0.066867 
28.604898 0.031671 0.043533 0.074038 0.057214 0.056760 0.066293 0.062472 0.064218 0.098420 0.083782 0.060192 0.045852 0.035655 0.072905 0.040898 0.057314 0.048783 
27.603727 0.033563 0.048284 0.066754 0.075689 0.069823 0.096771 0.064302 0.072426 0.049666 0.055660 0.052837 0.044420 0.066690 0.051638 0.031671 0.046439 0.073367 
26.637596 0.035366 0.063670 0.075920 0.077796 0.084682 0.064046 0.075491 0.081871 0.042175 0.056653 0.050009 0.047564 0.051850 0.038420 0.036144 0.046588 0.071755 
25.705281 0.033252 0.058065 0.095451 0.059132 0.065427 0.074193 0.078678 0.044204 0.053880 0.113116 0.038270 0.060758 0.031045 0.030000 0.048122 0.042231 0.074174 
24.805596 0.031768 0.058106 0.085422 0.078379 0.062902 0.069821 0.067365 0.074561 0.037591 0.057188 0.067517 0.051124 0.067648 0.039957 0.052863 0.042581 0.055204 
23.937400 0.033477 0.057366 0.067191 0.065028 0.092535 0.065315 0.061781 0.043884 0.111334 0.076279 0.045658 0.045315 0.052275 0.034335 0.032243 0.060449 0.055535 
23.099591 0.034192 0.065041 0.064501 0.103511 0.083084 0.055783 0.057832 0.064019 0.070915 0.046165 0.053304 0.036805 0.046407 0.037124 0.053900 0.049156 0.078259 
22.291105 0.033039 0.066185 0.081595 0.076140 0.065630 0.064594 0.064938 0.088449 0.076467 0.048980 0.047607 0.032707 0.033903 0.060579 0.037865 0.053693 0.067629 
21.510917 0.032909 0.056064 0.053616 0.068597 0.091553 0.076688 0.062655 0.062834 0.067197 0.051570 0.050999 0.076717 0.044730 0.061461 0.038134 0.038332 0.065945 
20.758034 0.033740 0.055629 0.073051 0.078886 0.081757 0.090740 0.066743 0.054281 0.083431 0.042088 0.056947 0.045097 0.058060 0.033838 0.036523 0.044696 0.064496 
20.031503 0.032742 0.054506 0.075895 0.081512 0.070892 0.099642 0.056324 0.083050 0.073329 0.052810 0.043196 0.062552 0.032321 0.030000 0.034564 0.045517 0.071149 
19.330401 0.034989 0.051922 0.088290 0.090844 0.077252 0.074259 0.051411 0.063848 0.065978 0.047166 0.042796 0.048838 0.066210 0.035978 0.030000 0.056304 0.073914 
18.653837 0.034257 0.046983 0.071886 0.080233 0.066534 0.070106 0.049878 0.093966 0.061156 0.064368 0.068101 0.057868 0.039912 0.040203 0.030569 0.040087 0.083894 
18.000952 0.034811 0.082457 0.063345 0.077504 0.087939 0.077360 0.073943 0.070590 0.087851 0.033697 0.041024 0.047096 0.033094 0.030000 0.030000 0.049932 0.079357 
17.370919 0.036075 0.067241 0.067612 0.079184 0.052881 0.087894 0.082429 0.074602 0.040195 0.045497 0.048203 0.072754 0.033870 0.030000 0.051090 0.035942 0.094532 
16.762937 0.035771 0.072145 0.076973 0.071106 0.082359 0.072509 0.101600 0.057099 0.060029 0.051337 0.033349 0.033243 0.030000 0.047490 0.030000 0.070860 0.074131 
16.176234 0.034899 0.054018 0.088045 0.095812 0.094989 0.057300 0.092295 0.058743 0.043131 0.079300 0.042318 0.031694 0.030000 0.033485 0.030000 0.060534 0.073436 
15.610066 0.034391 0.043209 0.066616 0.079930 0.065559 0.072538 0.076107 0.067312 0.032528 0.051112 0.056361 0.037533 0.088456 0.062705 0.033750 0.058095 0.073797 
15.063714 0.035095 0.063164 0.067902 0.080466 0.055466 0.052643 0.074916 0.053325 0.063536 0.056949 0.047800 0.074079 0.053645 0.041573 0.042632 0.057215 0.079593 
14.536484 0.034671 0.053527 0.074460 0.049578 0.066928 0.071550 0.079014 0.070904 0.057172 0.085662 0.079053 0.034900 0.030216 0.054396 0.030318 0.058217 0.069435 
14.027707 0.033988 0.053446 0.085761 0.066251 0.075998 0.065564 0.092696 0.065745 0.033734 0.068942 0.052803 0.030160 0.052542 0.038576 0.033361 0.072789 0.077645 
13.536737 0.034679 0.060535 0.064718 0.089835 0.054050 0.073727 0.106152 0.047720 0.054413 0.040701 0.040262 0.058774 0.061495 0.038593 0.032463 0.072686 0.069196 
13.062951 0.039105 0.060011 0.069031 0.062510 0.087652 0.072270 0.088611 0.055794 0.051122 0.064034 0.037821 0.045586 0.051772 0.030000 0.043056 0.056828 0.084797 
12.605748 0.039162 0.049967 0.071005 0.088298 0.069391 0.087345 0.082030 0.081923 0.056094 0.057788 0.030000 0.035543 0.038332 0.049211 0.041754 0.057795 0.064364 
12.164547 0.034632 0.056202 0.080161 0.073438 0.087203 0.050045 0.069600 0.051628 0.098469 0.058398 0.056023 0.059049 0.034339 0.030000 0.030000 0.062670 0.068144 
11.738788 0.035494 0.059249 0.065412 0.096533 0.066036 0.050148 0.065093 0.057113 0.062086 0.054093 0.071926 0.035904 0.030000 0.041003 0.044706 0.063578 0.101626 
11.327930 0.035506 0.066355 0.050552 0.064838 0.070496 0.098964 0.053973 0.062450 0.084548 0.049535 0.047055 0.045565 0.070075 0.041657 0.047273 0.043717 0.067440 
10.931452 0.035900 0.074734 0.054640 0.080942 0.093984 0.093656 0.059892 0.050895 0.043642 0.041971 0.069017 0.061445 0.033685 0.041320 0.030000 0.073027 0.061251 
10.548852 0.031986 0.067569 0.070510 0.054975 0.088356 0.072537 0.075459 0.054320 0.073046 0.052860 0.065490 0.046282 0.034357 0.058701 0.030000 0.064150 0.059401 
10.179642 0.039811 0.071516 0.064943 0.077770 0.086638 0.053151 0.076483 0.090383 0.067469 0.044234 0.038709 0.033402 0.033697 0.063982 0.030000 0.061393 0.066419 
9.823354 0.036720 0.060923 0.058342 0.067628 0.100109 0.061945 0.068659 0.056431 0.092623 0.056227 0.050603 0.032162 0.057181 0.035429 0.030000 0.045509 0.089510 
9.479537 0.035057 0.089246 0.059669 0.074923 0.072398 0.079823 0.076376 0.087147 0.070798 0.064238 0.041315 0.030000 0.040506 0.030000 0.030000 0.041651 0.076852 
9.147753 0.034078 0.063136 0.073299 0.070693 0.091821 0.070778 0.080193 0.061053 0.072763 0.050695 0.046972 0.046441 0.048087 0.030000 0.030000 0.065907 0.064083 
8.827582 0.034719 0.088665 0.066267 0.080716 0.082819 0.071938 0.064920 0.041842 0.077962 0.047739 0.033527 0.052482 0.034889 0.030000 0.030000 0.075019 0.086497 
8.518616 0.035505 0.067689 0.077514 0.086673 0.062791 0.088994 0.069519 0.078093 0.064256 0.054440 0.048378 0.038280 0.031529 0.030233 0.036259 0.049710 0.080136 
8.220465 0.035696 0.057169 0.079833 0.077533 0.116410 0.052120 0.067531 0.069840 0.049529 0.049720 0.065334 0.031641 0.032749 0.030001 0.041542 0.062008 0.081343 
7.932749 0.034243 0.087993 0.085486 0.073591 0.080018 0.076539 0.062608 0.070253 0.045725 0.057247 0.041940 0.048960 0.030000 0.030000 0.032692 0.061854 0.080851 
7.655102 0.040954 0.065022 0.095303 0.069883 0.083179 0.090364 0.046835 0.068924 0.074668 0.035530 0.030012 0.037332 0.056594 0.030000 0.030000 0.055244 0.090157 
7.387174 0.035248 0.077492 0.059329 0.069267 0.060287 0.101324 0.045789 0.064354 0.072458 0.040945 0.067826 0.030009 0.046175 0.051076 0.032464 0.073382 0.072575 
7.128623 0.038159 0.085870 0.089043 0.040195 0.086517 0.048144 0.077773 0.056005 0.062616 0.037123 0.059564 0.058176 0.030058 0.030000 0.030000 0.068001 0.102754 
6.879121 0.035505 0.065416 0.079038 0.109056 0.050654 0.049970 0.059328 0.093097 0.077599 0.050593 0.049843 0.031036 0.030008 0.030000 0.030000 0.078902 0.079955 
6.638352 0.034282 0.061534 0.079637 0.060041 0.070231 0.096254 0.051683 0.050965 0.039235 0.058590 0.052374 0.081361 0.059267 0.034350 0.032085 0.063119 0.074990 
6.406009 0.033650 0.049882 0.076807 0.064606 0.096806 0.073769 0.056666 0.047732 0.049191 0.086211 0.051790 0.039371 0.031159 0.052000 0.030000 0.067728 0.092634 
6.181799 0.034292 0.066245 0.093441 0.071229 0.060650 0.051580 0.098751 0.059484 0.060547 0.041813 0.065101 0.039896 0.030000 0.047458 0.030000 0.056592 0.092920 
5.965436 0.037681 0.081164 0.084469 0.131614 0.088416 0.060763 0.067182 0.042460 0.032830 0.037183 0.034132 0.031836 0.057554 0.030000 0.030000 0.061787 0.090932 
5.756646 0.038975 0.075419 0.106124 0.100372 0.073552 0.059792 0.046316 0.067854 0.030158 0.039217 0.030000 0.030000 0.041512 0.070188 0.030000 0.048860 0.111662 
5.555163 0.038111 0.078762 0.073942 0.079742 0.059929 0.078005 0.070783 0.058737 0.066335 0.047080 0.033410 0.032137 0.039429 0.031168 0.030000 0.070282 0.112147 
5.360732 0.038342 0.059447 0.097917 0.076594 0.083438 0.069044 0.068877 0.070296 0.074799 0.033925 0.030024 0.030000 0.030000 0.054263 0.030000 0.072103 0.080930 
5.173107 0.040557 0.072723 0.076013 0.086556 0.059454 0.100197 0.060469 0.054904 0.053398 0.074453 0.040274 0.033553 0.030000 0.030000 0.030013 0.070213 0.087223 
4.992048 0.037112 0.077914 0.069899 0.057293 0.101798 0.079231 0.045778 0.116514 0.059407 0.050858 0.035370 0.057925 0.030000 0.030000 0.030000 0.063873 0.057027 
4.817326 0.037678 0.054596 0.089705 0.074540 0.062976 0.051629 0.115431 0.054244 0.059506 0.084800 0.030052 0.030004 0.030002 0.030000 0.030000 0.056839 0.107999 
4.648720 0.034704 0.072118 0.074183 0.114319 0.060572 0.092357 0.075809 0.064247 0.042932 0.048888 0.030529 0.030010 0.065389 0.030335 0.030000 0.071984 0.061625 
4.486015 0.040436 0.064066 0.086034 0.115870 0.058711 0.092588 0.034288 0.053318 0.083710 0.031001 0.030000 0.030000 0.031349 0.063230 0.030000 0.069704 0.085694 
4.329004 0.039448 0.108884 0.072499 0.071414 0.057090 0.126493 0.060366 0.034606 0.038036 0.037405 0.053950 0.031014 0.037314 0.040785 0.036468 0.051003 0.103224 
4.177489 0.034431 0.081010 0.078091 0.094398 0.103501 0.091393 0.065648 0.036179 0.041555 0.045147 0.043471 0.064941 0.030000 0.030000 0.030000 0.050320 0.079917 
4.031277 0.039952 0.072529 0.087091 0.075240 0.062289 0.075311 0.061604 0.091248 0.063957 0.052265 0.040657 0.030022 0.030000 0.030000 0.030026 0.066126 0.091685 
3.890182 0.032670 0.055578 0.116151 0.088939 0.064321 0.057023 0.071354 0.048006 0.053947 0.035122 0.030000 0.059368 0.041342 0.030000 0.030000 0.095671 0.090509 
3.754026 0.035841 0.102233 0.089109 0.086549 0.090176 0.092883 0.044812 0.041241 0.045871 0.039529 0.038358 0.033881 0.039594 0.030000 0.030000 0.068757 0.091167 
3.622635 0.042230 0.083311 0.097117 0.130562 0.043673 0.044213 0.034426 0.044733 0.079135 0.062773 0.030043 0.042819 0.030000 0.030000 0.030000 0.062430 0.112535 
3.495843 0.039718 0.118971 0.088485 0.096464 0.042189 0.035092 0.075398 0.056126 0.036819 0.036372 0.030004 0.057016 0.034768 0.030000 0.030000 0.085185 0.107393 
3.373488 0.041764 0.080616 0.101318 0.111568 0.051375 0.080399 0.072405 0.065020 0.030027 0.034045 0.030424 0.030000 0.030011 0.030000 0.030000 0.070576 0.110453 
3.255416 0.033949 0.057046 0.074168 0.092528 0.081436 0.087493 0.073577 0.035992 0.060775 0.030039 0.038949 0.102236 0.030000 0.030000 0.030000 0.059764 0.082049 
3.141477 0.046464 0.056606 0.130161 0.083938 0.081513 0.078436 0.057028 0.043358 0.067160 0.030065 0.030000 0.039754 0.030000 0.030000 0.031678 0.052156 0.111683 
3.031525 0.041483 0.085413 0.070007 0.092232 0.068348 0.087487 0.048982 0.066816 0.068764 0.030000 0.030044 0.038068 0.083089 0.030000 0.030000 0.043764 0.085503 
2.925422 0.040235 0.078639 0.077184 0.079978 0.075687 0.082967 0.061916 0.053655 0.045530 0.053656 0.030000 0.030000 0.030024 0.030000 0.030000 0.075239 0.125291 
2.823032 0.037539 0.075782 0.082937 0.082444 0.079796 0.082041 0.045744 0.035155 0.045068 0.056257 0.030022 0.030000 0.050911 0.030000 0.030000 0.077511 0.128795 
2.724226 0.039397 0.094463 0.083288 0.096978 0.077064 0.038765 0.053163 0.086256 0.064915 0.054418 0.035694 0.030000 0.030000 0.030000 0.030000 0.071254 0.084344 
2.628878 0.038378 0.083786 0.075493 0.092428 0.109206 0.080174 0.047118 0.064697 0.030027 0.030156 0.030025 0.031937 0.066508 0.030000 0.030000 0.070985 0.089083 
2.536867 0.038180 0.061059 0.080067 0.089767 0.053039 0.099678 0.041298 0.072780 0.061149 0.061309 0.068189 0.030000 0.030000 0.030000 0.030000 0.055152 0.098333 
2.448077 0.039422 0.079813 0.109747 0.087295 0.033937 0.111578 0.075490 0.042307 0.030008 0.041715 0.053428 0.030000 0.030027 0.030000 0.030000 0.077818 0.097417 
2.362394 0.041190 0.080247 0.084324 0.060284 0.044281 0.077938 0.089819 0.055344 0.089823 0.033814 0.059246 0.051578 0.036940 0.030000 0.030000 0.056044 0.079130 
2.279710 0.039999 0.087246 0.075022 0.134893 0.087766 0.060823 0.071327 0.059755 0.035370 0.030027 0.039670 0.036824 0.030000 0.030000 0.030000 0.066018 0.085260 
2.199920 0.049750 0.084652 0.084698 0.079094 0.063900 0.069192 0.066916 0.054456 0.058878 0.057568 0.044320 0.030000 0.030000 0.030000 0.030000 0.060482 0.106095 
2.122923 0.043757 0.089880 0.090717 0.076284 0.118538 0.075590 0.068615 0.030077 0.030100 0.038108 0.037251 0.030000 0.030000 0.030000 0.032272 0.072014 0.106794 
2.048621 0.037744 0.083307 0.074950 0.126333 0.069201 0.063933 0.070132 0.039139 0.032813 0.030127 0.030000 0.034673 0.030789 0.030000 0.030000 0.089182 0.127675 
1.976919 0.048686 0.077728 0.065922 0.090606 0.100367 0.079483 0.065950 0.049184 0.047000 0.030000 0.060623 0.030000 0.030000 0.030000 0.030000 0.058545 0.105907 
1.907727 0.041063 0.095562 0.101616 0.057479 0.101424 0.080199 0.054213 0.039912 0.036969 0.032085 0.030000 0.030000 0.038855 0.030000 0.030000 0.081894 0.118731 
1.840957 0.046803 0.095655 0.072811 0.097726 0.084853 0.102932 0.038386 0.072676 0.039402 0.034547 0.030000 0.030000 0.030000 0.030000 0.030000 0.078466 0.085745 
1.776523 0.035379 0.100454 0.072381 0.105467 0.088336 0.061824 0.060642 0.066144 0.041360 0.030000 0.082535 0.030000 0.030000 0.030000 0.030000 0.047905 0.087573 
1.714345 0.041114 0.089610 0.094731 0.072971 0.086280 0.087985 0.040120 0.053027 0.031611 0.030000 0.037375 0.059811 0.074801 0.030000 0.030000 0.051665 0.088900 
1.654343 0.049026 0.076125 0.063126 0.068957 0.058083 0.092106 0.039691 0.030107 0.033406 0.030153 0.107452 0.042694 0.039582 0.030000 0.030000 0.066013 0.143480 
1.596441 0.044387 0.095483 0.076684 0.131949 0.074943 0.068665 0.030106 0.030249 0.037151 0.035972 0.036698 0.030000 0.100866 0.030000 0.030000 0.060927 0.085920 
1.540565 0.041276 0.094455 0.080787 0.078885 0.046060 0.094551 0.030299 0.030000 0.048952 0.030022 0.039758 0.030000 0.031499 0.030000 0.030000 0.108327 0.155129 
1.486645 0.037034 0.082861 0.083846 0.068659 0.034644 0.068808 0.145733 0.030034 0.054900 0.030000 0.033441 0.030000 0.030103 0.030000 0.030000 0.088654 0.121283 
1.434613 0.039613 0.074361 0.093094 0.092832 0.064367 0.093699 0.064569 0.030298 0.057613 0.030398 0.033019 0.030000 0.030000 0.030000 0.030000 0.077067 0.129070 
1.384401 0.042287 0.116180 0.130428 0.066829 0.064677 0.075429 0.034200 0.030244 0.030048 0.030000 0.030000 0.030000 0.030202 0.030000 0.030000 0.076856 0.152621 
1.335947 0.049044 0.101871 0.135115 0.071078 0.057970 0.051387 0.035333 0.046839 0.056245 0.030000 0.030042 0.030000 0.030000 0.030000 0.030000 0.087235 0.127840 
1.289189 0.044249 0.093795 0.114904 0.090752 0.039249 0.102177 0.054248 0.043498 0.033854 0.030000 0.030000 0.030000 0.031005 0.030000 0.030000 0.057111 0.145159 
1.244068 0.049094 0.075574 0.073232 0.102849 0.054373 0.051533 0.055126 0.067261 0.040265 0.049496 0.030000 0.030000 0.030000 0.030000 0.030000 0.097948 0.133248 
1.200525 0.051560 0.097851 0.102285 0.081421 0.057855 0.045399 0.076009 0.040560 0.043473 0.065408 0.031690 0.030085 0.030000 0.030000 0.030000 0.069238 0.117167 
1.158507 0.039860 0.106923 0.085068 0.078556 0.088969 0.039481 0.047417 0.031221 0.043691 0.058378 0.030015 0.030000 0.035247 0.033849 0.030000 0.104180 0.117144 
1.117959 0.032605 0.113274 0.095408 0.077330 0.093181 0.061507 0.075283 0.031284 0.046753 0.030000 0.030000 0.030064 0.045370 0.030000 0.030000 0.077983 0.099958 
1.078831 0.049749 0.116237 0.117317 0.071322 0.075624 0.063440 0.062937 0.042661 0.030220 0.033261 0.030205 0.030000 0.030000 0.030000 0.030000 0.078640 0.108386 
1.041071 0.053870 0.090006 0.107722 0.073122 0.042540 0.062463 0.076870 0.030017 0.079221 0.038444 0.030000 0.030000 0.039767 0.033768 0.030000 0.098074 0.084115 
1.004634 0.037229 0.112258 0.092628 0.091898 0.075031 0.096817 0.049342 0.039386 0.031202 0.030000 0.040596 0.030363 0.030000 0.030000 0.030000 0.071118 0.112132 
0.969472 0.040367 0.074160 0.107168 0.084787 0.054764 0.082044 0.080880 0.030036 0.087251 0.030141 0.042962 0.041129 0.030000 0.030000 0.030000 0.053241 0.101070 
0.935540 0.042102 0.137952 0.101392 0.053301 0.062146 0.084211 0.050669 0.057799 0.030498 0.030000 0.036324 0.030000 0.030000 0.030000 0.030000 0.076436 0.117170 
0.902796 0.036634 0.103373 0.099644 0.043175 0.062792 0.071760 0.063745 0.048494 0.056432 0.086724 0.030000 0.030000 0.030160 0.030000 0.030000 0.062069 0.114999 
0.871198 0.061735 0.127629 0.119548 0.070401 0.065801 0.049407 0.075790 0.043679 0.030059 0.032499 0.030000 0.030000 0.030000 0.030000 0.030000 0.079465 0.093987 
0.840707 0.052180 0.077372 0.099790 0.077794 0.064199 0.064357 0.075460 0.086748 0.059736 0.030135 0.030003 0.030000 0.030000 0.030000 0.030000 0.047793 0.114434 
0.811282 0.044113 0.095471 0.109191 0.064291 0.063414 0.109907 0.068109 0.050354 0.030287 0.030000 0.030000 0.030000 0.030015 0.030000 0.030000 0.097840 0.087008 
0.782887 0.062297 0.075522 0.069168 0.129058 0.063352 0.063411 0.039456 0.044487 0.032696 0.030286 0.044710 0.030007 0.041728 0.030000 0.030000 0.095878 0.117946 
0.755486 0.045045 0.134582 0.124631 0.071221 0.073629 0.036008 0.077390 0.030059 0.030000 0.030000 0.049953 0.030000 0.030540 0.030000 0.030000 0.074678 0.102264 
0.729044 0.051305 0.093950 0.110935 0.122094 0.044956 0.062925 0.041952 0.057842 0.030391 0.030186 0.030105 0.030000 0.030000 0.030000 0.030000 0.061992 0.141368 
0.703527 0.046383 0.090594 0.089942 0.087869 0.042198 0.050716 0.055341 0.030225 0.030000 0.030000 0.093648 0.036390 0.030000 0.030000 0.030000 0.119497 0.107197 
0.678904 0.047715 0.072538 0.098569 0.065683 0.120225 0.060322 0.053734 0.033930 0.030674 0.030000 0.030469 0.045009 0.030490 0.030000 0.030000 0.070817 0.149826 
0.655142 0.049205 0.108442 0.102679 0.118637 0.077854 0.048097 0.045696 0.051763 0.064599 0.030000 0.030000 0.030000 0.030000 0.030000 0.030000 0.070416 0.082613 
0.632212 0.066759 0.094009 0.078676 0.086796 0.087449 0.074490 0.034246 0.030356 0.062741 0.030040 0.030000 0.030327 0.030118 0.030000 0.030000 0.068247 0.135746 
0.610085 0.038283 0.078200 0.086618 0.104085 0.076296 0.034013 0.083760 0.076775 0.036769 0.053208 0.030000 0.030000 0.042251 0.031414 0.030000 0.073298 0.095030 
0.588732 0.041083 0.061338 0.078804 0.065430 0.076329 0.076020 0.067582 0.043121 0.030368 0.068555 0.030000 0.030467 0.030945 0.030000 0.030000 0.105416 0.134541 
0.568126 0.035643 0.060758 0.132101 0.100148 0.064531 0.039988 0.114436 0.039702 0.043177 0.031492 0.030000 0.030000 0.030000 0.030000 0.030000 0.051584 0.136440 
0.548242 0.046834 0.113700 0.097526 0.068385 0.077664 0.062268 0.062178 0.030144 0.051967 0.057002 0.030000 0.058574 0.030000 0.030000 0.030000 0.053152 0.100607 
0.529053 0.043645 0.100017 0.077472 0.106959 0.058754 0.046061 0.056528 0.070429 0.030135 0.052725 0.033110 0.030124 0.030694 0.030000 0.030000 0.053021 0.150327 
0.510537 0.039864 0.108759 0.132355 0.088570 0.072274 0.062140 0.043609 0.030561 0.030000 0.030000 0.030000 0.030000 0.030000 0.030058 0.030000 0.084916 0.126894 
0.492668 0.057779 0.110255 0.099807 0.120233 0.074919 0.038701 0.030999 0.030559 0.030000 0.053518 0.034556 0.030207 0.030000 0.030000 0.030000 0.076514 0.121955 
0.475424 0.048711 0.097744 0.063880 0.063281 0.084078 0.052912 0.034656 0.030669 0.035238 0.061376 0.032587 0.060198 0.030000 0.030000 0.030000 0.129604 0.115067 
0.458785 0.041606 0.087427 0.087535 0.057921 0.054599 0.034601 0.133306 0.043192 0.030354 0.030000 0.030516 0.068637 0.030000 0.030581 0.030000 0.090077 0.119647 
0.442727 0.038355 0.105559 0.067042 0.132466 0.080705 0.037238 0.047250 0.030237 0.030046 0.030000 0.030000 0.030000 0.030000 0.030000 0.030000 0.078403 0.172699 
0.427232 0.053314 0.098097 0.084435 0.065969 0.049232 0.056515 0.030370 0.087999 0.030915 0.052700 0.108311 0.030000 0.030000 0.030000 0.030000 0.063641 0.098504 
0.412279 0.057694 0.082006 0.067366 0.109664 0.091257 0.074968 0.055581 0.057894 0.030215 0.030000 0.035201 0.036465 0.030000 0.030541 0.030000 0.081416 0.099732 
0.397849 0.050117 0.140031 0.067218 0.097600 0.111544 0.039876 0.030265 0.039475 0.038140 0.037939 0.033931 0.030000 0.030000 0.030000 0.030000 0.062740 0.131125 
0.383924 0.046926 0.119866 0.089476 0.126123 0.050241 0.081744 0.030902 0.049832 0.030817 0.081382 0.035128 0.030244 0.030000 0.030000 0.030000 0.041910 0.095409 
0.370487 0.049387 0.102065 0.085149 0.092761 0.101838 0.032687 0.045412 0.064610 0.059033 0.030716 0.033068 0.030000 0.030318 0.030000 0.030000 0.087385 0.095569 
0.357520 0.066822 0.112035 0.089097 0.071469 0.043594 0.030882 0.059165 0.032814 0.031889 0.032499 0.031053 0.030000 0.030000 0.030000 0.030000 0.123803 0.154877 
0.345006 0.047630 0.073999 0.070733 0.091829 0.089567 0.103870 0.041092 0.030079 0.042784 0.030000 0.030000 0.030000 0.030000 0.030000 0.087418 0.061940 0.109059 
0.332931 0.054690 0.073870 0.134054 0.089195 0.104260 0.051304 0.064535 0.031950 0.037939 0.030580 0.030000 0.030211 0.030000 0.030000 0.030000 0.071520 0.105891 
0.321279 0.061648 0.123746 0.106994 0.099472 0.043803 0.059020 0.035349 0.030238 0.032735 0.030000 0.030000 0.030000 0.030000 0.036307 0.030000 0.077831 0.142857 
0.310034 0.053885 0.085148 0.079105 0.079897 0.144991 0.050156 0.052140 0.068749 0.030151 0.031339 0.030000 0.030000 0.030000 0.030000 0.030000 0.068090 0.106349 
0.299183 0.056847 0.093695 0.098711 0.113738 0.052271 0.072814 0.064842 0.035243 0.034839 0.047529 0.030403 0.030000 0.057606 0.030000 0.030000 0.056045 0.095418 
0.288711 0.054699 0.078496 0.156199 0.086365 0.053230 0.043207 0.035286 0.095990 0.030000 0.030000 0.035818 0.030000 0.030000 0.030000 0.030000 0.070342 0.110368 
0.278606 0.077170 0.112249 0.078865 0.099945 0.078980 0.049092 0.071160 0.030804 0.033769 0.030000 0.030769 0.030000 0.030000 0.030000 0.030000 0.062596 0.124601 
0.268855 0.049173 0.123568 0.114143 0.059412 0.050763 0.088113 0.089053 0.052905 0.030426 0.030000 0.030000 0.030000 0.030000 0.030987 0.030000 0.059257 0.102200 
0.259445 0.053313 0.118789 0.075297 0.086384 0.060625 0.038575 0.037254 0.051964 0.030000 0.030000 0.030000 0.065227 0.038786 0.030000 0.030000 0.061530 0.162256 
0.250365 0.044411 0.076137 0.073850 0.102792 0.131714 0.038392 0.032327 0.087409 0.032219 0.031953 0.030000 0.050559 0.030780 0.030000 0.030000 0.051125 0.126331 
0.241602 0.059771 0.120632 0.093741 0.072769 0.070339 0.050476 0.030000 0.053890 0.032713 0.071804 0.030000 0.030000 0.030000 0.036581 0.030000 0.094653 0.092632 
0.233146 0.053720 0.090544 0.086768 0.071738 0.035550 0.100782 0.067428 0.048347 0.030000 0.031447 0.030000 0.030000 0.030000 0.030000 0.030000 0.096784 0.136892 
0.224986 0.067464 0.137225 0.075064 0.081504 0.034735 0.080319 0.030407 0.032619 0.064761 0.030326 0.030000 0.030000 0.030000 0.030000 0.030000 0.105011 0.110565 
0.217111 0.055621 0.080919 0.105183 0.066298 0.110499 0.067445 0.063473 0.034453 0.030220 0.032360 0.032672 0.030000 0.030000 0.030000 0.030000 0.057355 0.143503 
0.209512 0.063191 0.118603 0.076295 0.053491 0.049578 0.066988 0.032464 0.030695 0.051181 0.030000 0.030000 0.043347 0.030000 0.030000 0.030000 0.097302 0.166863 
0.202179 0.065741 0.143494 0.080942 0.087048 0.031522 0.050923 0.045790 0.031361 0.038183 0.030716 0.030000 0.030000 0.030000 0.030000 0.030000 0.089019 0.155260 
0.195103 0.061544 0.104804 0.161748 0.072510 0.032885 0.073174 0.045974 0.030000 0.033535 0.030000 0.030000 0.030000 0.030000 0.030000 0.030000 0.089455 0.114372 
0.188275 0.055802 0.072488 0.079067 0.077491 0.056053 0.063282 0.031217 0.049530 0.030000 0.035508 0.060732 0.030000 0.030000 0.051815 0.030000 0.142752 0.104263 
0.181685 0.080162 0.126914 0.109358 0.060626 0.061436 0.036383 0.037726 0.034948 0.060273 0.030000 0.030000 0.030000 0.030000 0.030091 0.030000 0.060871 0.151212 
0.175326 0.057321 0.114152 0.122511 0.084447 0.050010 0.045978 0.030896 0.036331 0.054151 0.030000 0.031402 0.030000 0.030000 0.030000 0.030000 0.135425 0.087376 
0.169190 0.079617 0.083611 0.105052 0.122256 0.076894 0.058674 0.031443 0.051851 0.030113 0.030000 0.030000 0.030000 0.030000 0.030000 0.030000 0.081162 0.099328 
0.163268 0.061594 0.079691 0.085558 0.117633 0.049834 0.039689 0.039431 0.085928 0.030000 0.030000 0.032024 0.030000 0.030000 0.030000 0.030000 0.119257 0.109361 
0.157554 0.049218 0.130804 0.104733 0.071119 0.038555 0.032011 0.037780 0.079195 0.030000 0.032974 0.033260 0.030000 0.030000 0.030000 0.030000 0.124545 0.115805 
0.152039 0.036066 0.105402 0.065164 0.130967 0.039867 0.105540 0.073787 0.031633 0.035275 0.059182 0.035844 0.030000 0.030000 0.030000 0.030000 0.069618 0.091655 
0.146718 0.053468 0.113009 0.081845 0.071154 0.077523 0.067092 0.057592 0.031273 0.032191 0.030480 0.030000 0.030000 0.030000 0.030000 0.030000 0.102794 0.131579 
0.141583 0.063694 0.068092 0.080606 0.093040 0.057926 0.038123 0.040202 0.071889 0.039979 0.073038 0.030000 0.062299 0.030000 0.030000 0.030000 0.073916 0.117197 
0.136627 0.051960 0.092257 0.075101 0.094675 0.045444 0.085547 0.036624 0.030209 0.035138 0.031667 0.030000 0.038877 0.030000 0.030000 0.033924 0.109826 0.148751 
0.131845 0.041721 0.105056 0.114155 0.073947 0.097027 0.076628 0.031155 0.030000 0.032201 0.030622 0.030000 0.033996 0.030000 0.030000 0.030000 0.085335 0.128156 
0.127231 0.046796 0.075660 0.056833 0.160979 0.087938 0.038987 0.045819 0.033212 0.030000 0.030000 0.034689 0.030340 0.030000 0.030000 0.030000 0.109329 0.129420 
0.122778 0.047553 0.067204 0.118748 0.098171 0.059457 0.061749 0.071095 0.060847 0.034822 0.030000 0.030000 0.030000 0.030000 0.030000 0.030000 0.074994 0.125361 
0.118480 0.071950 0.106450 0.103573 0.068149 0.039941 0.031324 0.037304 0.080291 0.079913 0.032991 0.032451 0.030000 0.030000 0.030000 0.030000 0.062522 0.133139 
0.114334 0.073407 0.073244 0.078067 0.077162 0.052907 0.036017 0.083569 0.033319 0.034164 0.061599 0.038385 0.030000 0.080499 0.030000 0.058054 0.050757 0.108851 
0.110332 0.068432 0.122887 0.073833 0.070476 0.089854 0.039224 0.037511 0.035805 0.041376 0.044769 0.030000 0.030000 0.032431 0.030000 0.030000 0.132758 0.090643 
0.106470 0.059026 0.121139 0.087266 0.097385 0.093374 0.046711 0.034334 0.037837 0.032611 0.031629 0.037958 0.030000 0.030000 0.030000 0.030000 0.085276 0.115454 
0.102744 0.051244 0.104501 0.142093 0.086334 0.057518 0.036074 0.045095 0.032679 0.032678 0.030127 0.042470 0.030000 0.039010 0.030000 0.030473 0.067059 0.142643 
0.099148 0.068620 0.051893 0.127034 0.104007 0.046952 0.064055 0.036322 0.044941 0.030826 0.030000 0.030433 0.030000 0.030000 0.139976 0.030000 0.050593 0.084347 
0.095678 0.064023 0.161170 0.095982 0.063428 0.066492 0.039911 0.043166 0.048259 0.030000 0.030000 0.033611 0.030000 0.030000 0.030000 0.030000 0.098757 0.105202 
0.092329 0.094720 0.135902 0.095247 0.097368 0.056137 0.044672 0.031343 0.032097 0.031584 0.031160 0.030000 0.030000 0.030000 0.030000 0.030000 0.078328 0.121442 
0.089097 0.052678 0.105767 0.116258 0.065661 0.103061 0.046617 0.070296 0.030000 0.030000 0.034817 0.030000 0.030000 0.030000 0.030000 0.030000 0.058360 0.136485 
0.085979 0.049943 0.063932 0.097261 0.070388 0.059285 0.033727 0.032672 0.030000 0.030470 0.032829 0.030000 0.216613 0.030000 0.030000 0.030000 0.051789 0.111091 
0.082970 0.056458 0.093705 0.098294 0.061194 0.050392 0.058249 0.052199 0.057504 0.030000 0.035172 0.030000 0.030700 0.030179 0.030000 0.030000 0.076080 0.179874 
0.080066 0.075761 0.124487 0.091764 0.070374 0.031817 0.031072 0.040399 0.031344 0.037899 0.033043 0.030000 0.030000 0.060353 0.030000 0.030722 0.096444 0.154519 
0.077264 0.059520 0.055458 0.066064 0.050123 0.132785 0.038784 0.045144 0.080933 0.073649 0.030000 0.030000 0.030000 0.030000 0.030000 0.030000 0.121326 0.096213 
0.074559 0.063439 0.140134 0.067026 0.070242 0.071547 0.041203 0.039067 0.042287 0.036277 0.031863 0.030000 0.030000 0.030000 0.030000 0.030000 0.081162 0.165751 
0.071950 0.060133 0.097912 0.087419 0.055834 0.115681 0.083937 0.044710 0.031758 0.030000 0.030000 0.030000 0.030000 0.030000 0.030000 0.030000 0.125954 0.086661 
0.069431 0.073940 0.119849 0.070617 0.160838 0.041745 0.082993 0.031538 0.030000 0.030000 0.030000 0.030882 0.030000 0.030000 0.030000 0.030000 0.067081 0.110516 
0.067001 0.064446 0.086014 0.124393 0.060723 0.056509 0.053168 0.075755 0.030269 0.030000 0.031646 0.030000 0.030000 0.030000 0.030000 0.030000 0.075196 0.161879 
0.064656 0.051095 0.161596 0.091392 0.053446 0.057922 0.060763 0.045464 0.033845 0.030000 0.067132 0.030000 0.030000 0.030000 0.030000 0.030000 0.055289 0.142054 
0.062393 0.068377 0.099801 0.095493 0.068767 0.111429 0.034957 0.032971 0.042439 0.030000 0.038323 0.030000 0.030000 0.030000 0.030000 0.030000 0.113456 0.113987 
0.060210 0.068225 0.127833 0.110201 0.054511 0.048257 0.032655 0.039892 0.031538 0.030000 0.065529 0.030000 0.030000 0.032234 0.030000 0.030000 0.081494 0.157631 
0.058102 0.069245 0.130280 0.054061 0.159869 0.045032 0.030000 0.048147 0.033004 0.030000 0.033995 0.030000 0.030000 0.030000 0.030000 0.031766 0.064610 0.149991 
0.056069 0.088931 0.092490 0.122332 0.069899 0.043321 0.062638 0.064146 0.060592 0.038513 0.030000 0.030000 0.030000 0.030000 0.030000 0.030000 0.072537 0.104602 
0.054106 0.060688 0.101368 0.100501 0.095404 0.034211 0.047899 0.107104 0.057227 0.030944 0.030000 0.030000 0.030000 0.030000 0.030000 0.030000 0.068462 0.116191 
0.052213 0.068941 0.086935 0.084715 0.056540 0.088840 0.046138 0.078175 0.030535 0.030459 0.030000 0.064382 0.030000 0.030000 0.030000 0.030000 0.077312 0.137028 
0.050385 0.041153 0.078179 0.083765 0.097829 0.061028 0.043023 0.036232 0.063508 0.030000 0.030745 0.034643 0.030000 0.030000 0.030000 0.030000 0.109138 0.170757 
0.048622 0.047605 0.094960 0.074268 0.088189 0.086236 0.065861 0.039078 0.039525 0.051270 0.030000 0.030000 0.030000 0.030000 0.036051 0.030000 0.086872 0.140085 
0.046920 0.061963 0.110697 0.106514 0.082363 0.050747 0.051862 0.030000 0.033436 0.033294 0.051163 0.030000 0.030000 0.030000 0.030000 0.030000 0.074660 0.163302 
0.045278 0.081907 0.102727 0.075546 0.065615 0.090136 0.031451 0.042433 0.030000 0.074539 0.030371 0.030000 0.030000 0.030504 0.030000 0.030000 0.075849 0.148920 
0.043693 0.080659 0.085720 0.066917 0.130781 0.071176 0.065889 0.045231 0.030000 0.037168 0.030000 0.030000 0.032809 0.030000 0.030000 0.030000 0.080144 0.123506 
0.042164 0.083976 0.160218 0.069645 0.124140 0.041173 0.040316 0.030000 0.030000 0.030000 0.030000 0.030000 0.030000 0.030000 0.030000 0.030000 0.071554 0.138977 
0.040688 0.085516 0.123619 0.054283 0.077517 0.051747 0.052068 0.033253 0.050838 0.030000 0.030000 0.030000 0.056997 0.030000 0.030000 0.030000 0.080479 0.153683 
0.039264 0.066247 0.108302 0.068417 0.094646 0.042863 0.068058 0.042832 0.041002 0.066084 0.041406 0.030000 0.030000 0.030000 0.030000 0.030000 0.073978 0.136166 
0.037890 0.087107 0.090139 0.084092 0.083850 0.056071 0.095372 0.042777 0.046963 0.033692 0.030000 0.030000 0.030000 0.030000 0.031156 0.030000 0.079532 0.119249 
0.036564 0.067191 0.102947 0.081736 0.088389 0.113168 0.056729 0.032787 0.032846 0.030000 0.030000 0.030000 0.032250 0.030000 0.030000 0.030000 0.079982 0.131975 
0.035284 0.080636 0.111861 0.101542 0.076288 0.066547 0.047391 0.034164 0.057124 0.035705 0.030000 0.030850 0.030000 0.030000 0.030000 0.030000 0.099499 0.108395 
0.034049 0.073557 0.112517 0.056330 0.107386 0.057320 0.116117 0.032445 0.032946 0.030000 0.030000 0.032251 0.059513 0.030000 0.030000 0.030000 0.058024 0.111594 
0.032857 0.094504 0.112424 0.080586 0.106363 0.066514 0.084572 0.032453 0.030000 0.030000 0.041043 0.032072 0.035730 0.030000 0.030000 0.030000 0.046752 0.116987 
0.031707 0.079182 0.082940 0.086495 0.098672 0.060413 0.045037 0.046450 0.030000 0.036607 0.049988 0.030000 0.030000 0.030000 0.030000 0.030000 0.109144 0.125073 
0.030597 0.052640 0.101106 0.097929 0.062012 0.064709 0.046854 0.052476 0.032091 0.030875 0.034993 0.037887 0.030000 0.030000 0.030000 0.030000 0.097658 0.168769 
0.029526 0.057700 0.111635 0.075960 0.093729 0.088418 0.116254 0.036315 0.030000 0.030000 0.033491 0.030000 0.030000 0.030000 0.030000 0.030000 0.071638 0.104861 
0.028493 0.076133 0.095242 0.091422 0.073953 0.049272 0.063796 0.049332 0.036292 0.030000 0.037068 0.030000 0.030000 0.030000 0.030000 0.030000 0.112204 0.135287 
0.027496 0.089099 0.099098 0.090890 0.068610 0.061401 0.071257 0.054212 0.030000 0.030000 0.032046 0.033021 0.030000 0.031906 0.030000 0.030000 0.088359 0.130102 
0.026533 0.056136 0.145030 0.084300 0.056959 0.087386 0.071257 0.030000 0.030000 0.037929 0.030000 0.030000 0.041155 0.030000 0.030000 0.030000 0.077972 0.131875 
0.025605 0.051074 0.112935 0.121666 0.064744 0.064804 0.060974 0.037027 0.030000 0.035118 0.030000 0.030000 0.030000 0.030000 0.030000 0.030000 0.080274 0.161383 
0.024709 0.080260 0.112082 0.083706 0.092807 0.056585 0.066152 0.030028 0.045854 0.030000 0.030000 0.030000 0.030000 0.031354 0.030000 0.030000 0.082387 0.138785 
0.023844 0.063791 0.122761 0.081849 0.093002 0.070904 0.061668 0.067073 0.033958 0.030000 0.030000 0.030000 0.030000 0.030000 0.030000 0.030000 0.075408 0.119587 
0.023009 0.119228 0.091707 0.072608 0.060658 0.106823 0.054943 0.056298 0.030000 0.030000 0.030000 0.037264 0.030000 0.030000 0.030000 0.030000 0.056581 0.133890 
0.022204 0.053412 0.120598 0.062417 0.085945 0.071827 0.055621 0.039385 0.030000 0.086139 0.030000 0.030000 0.030000 0.030000 0.030000 0.030000 0.068342 0.146315 
0.021427 0.079943 0.112146 0.051436 0.109552 0.055986 0.083765 0.046615 0.073948 0.030249 0.040602 0.030000 0.030000 0.030000 0.030000 0.030000 0.049810 0.115947 
0.020677 0.067904 0.142988 0.074366 0.109541 0.058018 0.053478 0.060956 0.034160 0.030000 0.030000 0.043135 0.031894 0.030000 0.030000 0.030000 0.061762 0.111798 
0.019953 0.086736 0.135217 0.041698 0.076809 0.066139 0.046087 0.030619 0.030000 0.030000 0.030000 0.030000 0.030000 0.030000 0.030000 0.030000 0.127992 0.148704 
0.019255 0.084836 0.125435 0.092376 0.054342 0.086496 0.062432 0.037505 0.030000 0.034297 0.033161 0.030000 0.030000 0.030000 0.030000 0.030000 0.088545 0.120573 
0.018581 0.066598 0.108353 0.120495 0.072630 0.053899 0.061000 0.033514 0.030000 0.030000 0.030000 0.047474 0.030000 0.030000 0.030000 0.030000 0.091724 0.134313 
0.017931 0.067432 0.104798 0.099651 0.077363 0.085413 0.067008 0.030751 0.030000 0.039431 0.030000 0.030000 0.030000 0.030000 0.030000 0.030000 0.095403 0.122749 
