402168.324169 0.097222 0.069444 0.076389 0.059028 0.048611 0.041667 0.048611 0.045139 0.065972 0.055556 0.076389 0.052083 0.048611 0.062500 0.031250 0.048611 0.072917 
341843.075544 0.045455 0.053977 0.042614 0.048295 0.039773 0.056818 0.059659 0.082386 0.085227 0.079545 0.053977 0.090909 0.079545 0.076705 0.053977 0.031250 0.019886 
290566.614212 0.017730 0.039007 0.042553 0.046099 0.049645 0.056738 0.024823 0.060284 0.056738 0.095745 0.109929 0.081560 0.053191 0.081560 0.134752 0.024823 0.024823 
246981.622080 0.028249 0.022599 0.039548 0.067797 0.050847 0.033898 0.079096 0.062147 0.050847 0.039548 0.067797 0.073446 0.175141 0.107345 0.062147 0.016949 0.022599 
209934.378768 0.032967 0.069597 0.069597 0.025641 0.043956 0.062271 0.087912 0.087912 0.087912 0.069597 0.080586 0.076923 0.058608 0.054945 0.040293 0.021978 0.029304 
178444.221953 0.045045 0.036036 0.036036 0.081081 0.063063 0.063063 0.072072 0.054054 0.072072 0.036036 0.072072 0.126126 0.072072 0.036036 0.072072 0.018018 0.045045 
151677.588660 0.032558 0.044186 0.055814 0.032558 0.051163 0.086047 0.051163 0.086047 0.076744 0.065116 0.027907 0.111628 0.106977 0.046512 0.079070 0.023256 0.023256 
128925.950361 0.031496 0.015748 0.055118 0.039370 0.062992 0.062992 0.047244 0.062992 0.062992 0.055118 0.102362 0.086614 0.070866 0.070866 0.133858 0.023622 0.015748 
109587.057807 0.029817 0.045872 0.052752 0.036697 0.041284 0.052752 0.057339 0.094037 0.068807 0.073394 0.075688 0.068807 0.075688 0.052752 0.121560 0.022936 0.029817 
93148.999136 0.029762 0.011905 0.035714 0.101190 0.047619 0.065476 0.053571 0.053571 0.113095 0.035714 0.029762 0.053571 0.107143 0.095238 0.136905 0.023810 0.005952 
79176.649266 0.039526 0.019763 0.043478 0.035573 0.051383 0.075099 0.079051 0.059289 0.098814 0.019763 0.071146 0.118577 0.098814 0.094862 0.051383 0.019763 0.023715 
67300.151876 0.021841 0.043682 0.037441 0.032761 0.049922 0.057722 0.054602 0.078003 0.074883 0.074883 0.054602 0.090484 0.099844 0.076443 0.096724 0.029641 0.026521 
57205.129094 0.029661 0.042373 0.042373 0.059322 0.050847 0.059322 0.080508 0.067797 0.088983 0.063559 0.042373 0.059322 0.072034 0.093220 0.088983 0.021186 0.038136 
48624.359730 0.027397 0.047945 0.041096 0.047945 0.034247 0.082192 0.013699 0.089041 0.041096 0.034247 0.130137 0.130137 0.082192 0.068493 0.109589 0.006849 0.013699 
41330.705771 0.028369 0.033688 0.024823 0.056738 0.051418 0.049645 0.132979 0.063830 0.062057 0.063830 0.085106 0.046099 0.054965 0.090426 0.083333 0.031915 0.040780 
35131.099905 0.015152 0.037879 0.037879 0.045455 0.090909 0.022727 0.037879 0.075758 0.045455 0.106061 0.090909 0.098485 0.068182 0.060606 0.098485 0.045455 0.022727 
29861.434919 0.033333 0.041667 0.050000 0.058333 0.025000 0.066667 0.033333 0.033333 0.016667 0.091667 0.083333 0.141667 0.083333 0.066667 0.125000 0.033333 0.016667 
25382.219681 0.027322 0.027322 0.060109 0.054645 0.010929 0.054645 0.065574 0.081967 0.043716 0.076503 0.027322 0.071038 0.103825 0.142077 0.092896 0.032787 0.027322 
21574.886729 0.042636 0.042636 0.046512 0.050388 0.038760 0.058140 0.038760 0.085271 0.062016 0.050388 0.085271 0.069767 0.073643 0.108527 0.081395 0.054264 0.011628 
18338.653720 0.028571 0.021429 0.050000 0.085714 0.107143 0.064286 0.050000 0.035714 0.071429 0.071429 0.064286 0.085714 0.035714 0.114286 0.092857 0.014286 0.007143 
15587.855662 0.034653 0.034653 0.034653 0.054455 0.069307 0.054455 0.064356 0.054455 0.074257 0.074257 0.064356 0.084158 0.064356 0.064356 0.094059 0.029703 0.049505 
13249.677313 0.049645 0.014184 0.042553 0.056738 0.085106 0.063830 0.063830 0.078014 0.035461 0.078014 0.056738 0.120567 0.092199 0.056738 0.063830 0.021277 0.021277 
11262.225716 0.029321 0.043210 0.052469 0.075617 0.084877 0.066358 0.046296 0.069444 0.029321 0.108025 0.044753 0.083333 0.098765 0.070988 0.049383 0.021605 0.026235 
9572.891858 0.027027 0.036566 0.044515 0.055644 0.062003 0.081081 0.042925 0.054054 0.052464 0.073132 0.085851 0.082671 0.092210 0.082671 0.071542 0.033386 0.022258 
8136.958080 0.054422 0.034014 0.027211 0.054422 0.040816 0.040816 0.047619 0.068027 0.068027 0.074830 0.054422 0.095238 0.088435 0.108844 0.074830 0.040816 0.027211 
6916.414368 0.018868 0.037736 0.033019 0.037736 0.056604 0.051887 0.070755 0.037736 0.061321 0.061321 0.094340 0.061321 0.084906 0.103774 0.122642 0.023585 0.042453 
5878.952212 0.029364 0.037520 0.034258 0.053834 0.057096 0.055465 0.057096 0.073409 0.088091 0.055465 0.047308 0.042414 0.088091 0.132137 0.089723 0.024470 0.034258 
4997.109381 0.032733 0.054010 0.039280 0.045827 0.055646 0.050736 0.067103 0.057283 0.080196 0.072013 0.080196 0.073650 0.078560 0.073650 0.072013 0.029460 0.037643 
4247.542974 0.027553 0.040519 0.042139 0.043760 0.056726 0.066451 0.077796 0.059968 0.069692 0.085900 0.092382 0.063209 0.066451 0.082658 0.077796 0.032415 0.014587 
3610.411527 0.028409 0.028409 0.068182 0.051136 0.034091 0.068182 0.045455 0.102273 0.090909 0.113636 0.079545 0.073864 0.051136 0.079545 0.051136 0.005682 0.028409 
3068.849798 0.039801 0.034826 0.044776 0.039801 0.059701 0.074627 0.054726 0.069652 0.079602 0.049751 0.054726 0.044776 0.129353 0.064677 0.099502 0.019900 0.039801 
2608.522329 0.038462 0.034188 0.064103 0.068376 0.042735 0.047009 0.034188 0.076923 0.034188 0.085470 0.068376 0.081197 0.094017 0.068376 0.085470 0.047009 0.029915 
2217.243979 0.040230 0.040230 0.051724 0.045977 0.074713 0.045977 0.051724 0.074713 0.028736 0.068966 0.074713 0.091954 0.097701 0.057471 0.086207 0.028736 0.040230 
1884.657382 0.030249 0.042705 0.048043 0.060498 0.055160 0.069395 0.040925 0.055160 0.081851 0.062278 0.071174 0.083630 0.065836 0.087189 0.087189 0.023132 0.035587 
1601.958775 0.018349 0.055046 0.027523 0.027523 0.073394 0.073394 0.045872 0.100917 0.055046 0.128440 0.091743 0.064220 0.055046 0.100917 0.073394 0.009174 0.000000 
1361.664959 0.034884 0.023256 0.046512 0.052326 0.046512 0.058140 0.127907 0.063953 0.087209 0.029070 0.075581 0.063953 0.058140 0.040698 0.133721 0.017442 0.040698 
1157.415215 0.030211 0.036254 0.066465 0.045317 0.072508 0.066465 0.072508 0.102719 0.054381 0.033233 0.081571 0.036254 0.030211 0.099698 0.096677 0.030211 0.045317 
983.802933 0.019704 0.041051 0.039409 0.113300 0.055829 0.036125 0.072250 0.068966 0.065681 0.106732 0.062397 0.068966 0.070608 0.062397 0.054187 0.027915 0.034483 
836.232493 0.048319 0.054622 0.056723 0.071429 0.052521 0.046218 0.060924 0.063025 0.071429 0.044118 0.073529 0.056723 0.077731 0.067227 0.107143 0.025210 0.023109 
710.797619 0.012658 0.025316 0.025316 0.025316 0.050633 0.037975 0.037975 0.082278 0.082278 0.101266 0.044304 0.113924 0.126582 0.088608 0.075949 0.037975 0.031646 
604.177976 0.040590 0.059041 0.040590 0.084871 0.040590 0.044280 0.033210 0.055351 0.095941 0.077491 0.036900 0.077491 0.095941 0.084871 0.092251 0.022140 0.018450 
513.551280 0.073529 0.019608 0.039216 0.044118 0.058824 0.053922 0.088235 0.088235 0.098039 0.068627 0.053922 0.093137 0.068627 0.029412 0.053922 0.029412 0.039216 
436.518588 0.092715 0.019868 0.079470 0.033113 0.072848 0.099338 0.079470 0.092715 0.019868 0.092715 0.039735 0.066225 0.046358 0.072848 0.066225 0.006623 0.019868 
371.040800 0.029557 0.032841 0.036125 0.047619 0.060755 0.083744 0.090312 0.098522 0.073892 0.041051 0.091954 0.073892 0.067323 0.039409 0.062397 0.032841 0.037767 
316.177296 0.018868 0.025157 0.031447 0.056604 0.056604 0.069182 0.050314 0.062893 0.088050 0.094340 0.062893 0.100629 0.075472 0.044025 0.075472 0.044025 0.044025 
268.750702 0.024482 0.026365 0.073446 0.109228 0.048964 0.037665 0.082863 0.052731 0.065913 0.056497 0.047081 0.050847 0.062147 0.109228 0.099812 0.028249 0.024482 
235.751138 0.058824 0.032086 0.058824 0.042781 0.096257 0.080214 0.064171 0.064171 0.048128 0.048128 0.069519 0.090909 0.037433 0.064171 0.085561 0.032086 0.026738 
200.388467 0.022727 0.041667 0.071970 0.102273 0.079545 0.102273 0.037879 0.094697 0.045455 0.071970 0.049242 0.060606 0.026515 0.041667 0.087121 0.045455 0.018939 
170.330197 0.021277 0.053191 0.042553 0.021277 0.132979 0.111702 0.053191 0.058511 0.106383 0.005319 0.063830 0.053191 0.164894 0.031915 0.021277 0.026596 0.031915 
144.780668 0.032841 0.036125 0.044335 0.036125 0.059113 0.105090 0.070608 0.036125 0.105090 0.032841 0.088670 0.064039 0.057471 0.123153 0.041051 0.026273 0.041051 
123.063568 0.038168 0.022901 0.099237 0.068702 0.038168 0.045802 0.068702 0.061069 0.083969 0.038168 0.083969 0.083969 0.053435 0.076336 0.068702 0.061069 0.007634 
104.604032 0.024242 0.090909 0.054545 0.063636 0.060606 0.042424 0.078788 0.057576 0.060606 0.087879 0.106061 0.075758 0.066667 0.036364 0.039394 0.024242 0.030303 
88.913428 0.039216 0.035294 0.035294 0.031373 0.074510 0.066667 0.047059 0.101961 0.094118 0.090196 0.101961 0.043137 0.047059 0.098039 0.043137 0.023529 0.027451 
75.576413 0.047312 0.040860 0.053763 0.036559 0.092473 0.073118 0.081720 0.113978 0.070968 0.058065 0.038710 0.098925 0.043011 0.058065 0.058065 0.015054 0.019355 
67.943630 0.027907 0.023256 0.093023 0.079070 0.060465 0.074419 0.083721 0.060465 0.069767 0.120930 0.037209 0.074419 0.041860 0.046512 0.041860 0.027907 0.037209 
57.895327 0.034205 0.056338 0.058350 0.042254 0.068410 0.036217 0.072435 0.054326 0.026157 0.076459 0.098592 0.094567 0.032193 0.146881 0.050302 0.026157 0.026157 
50.965628 0.029557 0.077176 0.087028 0.082102 0.064039 0.077176 0.047619 0.068966 0.060755 0.073892 0.078818 0.037767 0.059113 0.050903 0.044335 0.019704 0.041051 
44.446972 0.047619 0.067323 0.072250 0.059113 0.098522 0.057471 0.124795 0.054187 0.078818 0.047619 0.032841 0.045977 0.034483 0.096880 0.034483 0.022989 0.024631 
39.173891 0.022831 0.068493 0.063927 0.073059 0.077626 0.196347 0.041096 0.054795 0.059361 0.073059 0.050228 0.027397 0.027397 0.036530 0.054795 0.050228 0.022831 
34.781010 0.044335 0.049261 0.096880 0.077176 0.073892 0.091954 0.034483 0.070608 0.157635 0.067323 0.021346 0.045977 0.059113 0.031199 0.026273 0.029557 0.022989 
31.168789 0.041051 0.065681 0.078818 0.080460 0.096880 0.065681 0.095238 0.080460 0.068966 0.055829 0.059113 0.041051 0.050903 0.032841 0.037767 0.022989 0.026273 
27.858955 0.036364 0.054545 0.048485 0.163636 0.109091 0.078788 0.060606 0.054545 0.103030 0.036364 0.036364 0.054545 0.030303 0.030303 0.054545 0.036364 0.012121 
25.383878 0.044335 0.077176 0.100164 0.085386 0.133005 0.103448 0.110016 0.049261 0.045977 0.024631 0.016420 0.067323 0.036125 0.014778 0.032841 0.032841 0.026273 
22.871964 0.043643 0.062619 0.115750 0.102467 0.087287 0.072106 0.079696 0.074004 0.055028 0.051233 0.064516 0.043643 0.032258 0.036053 0.036053 0.017078 0.026565 
363197.277229 0.057225 0.068670 0.060086 0.062947 0.048641 0.072961 0.058655 0.052933 0.060086 0.052933 0.061516 0.060086 0.057225 0.047210 0.047210 0.055794 0.075823 
308717.685644 0.025641 0.008547 0.017094 0.051282 0.085470 0.076923 0.059829 0.094017 0.051282 0.102564 0.094017 0.102564 0.068376 0.076923 0.051282 0.017094 0.017094 
262410.032798 0.036496 0.058394 0.014599 0.021898 0.029197 0.065693 0.000000 0.109489 0.102190 0.094891 0.087591 0.043796 0.051095 0.109489 0.116788 0.021898 0.036496 
223048.527878 0.047348 0.045455 0.043561 0.034091 0.053030 0.054924 0.030303 0.064394 0.100379 0.092803 0.077652 0.113636 0.024621 0.089015 0.083333 0.028409 0.017045 
189591.248696 0.040650 0.032520 0.048780 0.036585 0.040650 0.060976 0.085366 0.060976 0.036585 0.081301 0.077236 0.065041 0.069106 0.085366 0.081301 0.060976 0.036585 
161152.561392 0.016129 0.024194 0.064516 0.040323 0.040323 0.080645 0.137097 0.064516 0.056452 0.056452 0.048387 0.040323 0.048387 0.145161 0.064516 0.032258 0.040323 
136979.677183 0.024927 0.035191 0.029326 0.043988 0.030792 0.068915 0.087977 0.082111 0.046921 0.048387 0.080645 0.086510 0.093842 0.115836 0.060117 0.029326 0.035191 
116432.725606 0.037313 0.007463 0.037313 0.014925 0.044776 0.037313 0.044776 0.067164 0.059701 0.074627 0.074627 0.156716 0.067164 0.074627 0.111940 0.029851 0.059701 
98967.816765 0.034749 0.034749 0.054054 0.046332 0.061776 0.077220 0.028958 0.048263 0.061776 0.059846 0.071429 0.086873 0.055985 0.110039 0.117761 0.025097 0.025097 
84122.644250 0.016878 0.042194 0.033755 0.046414 0.033755 0.063291 0.080169 0.042194 0.097046 0.105485 0.075949 0.050633 0.050633 0.071730 0.092827 0.046414 0.050633 
71504.247613 0.023392 0.058480 0.040936 0.035088 0.070175 0.058480 0.070175 0.040936 0.087719 0.064327 0.076023 0.087719 0.081871 0.035088 0.081871 0.035088 0.052632 
60778.610471 0.050000 0.018750 0.018750 0.043750 0.081250 0.037500 0.118750 0.068750 0.062500 0.062500 0.018750 0.056250 0.093750 0.175000 0.056250 0.031250 0.006250 
51661.818900 0.054945 0.032967 0.038462 0.038462 0.016484 0.109890 0.087912 0.038462 0.098901 0.071429 0.060440 0.071429 0.060440 0.060440 0.104396 0.027473 0.027473 
43912.546065 0.030211 0.040785 0.054381 0.028701 0.025680 0.042296 0.058912 0.042296 0.060423 0.078550 0.096677 0.090634 0.141994 0.066465 0.072508 0.036254 0.033233 
37325.664155 0.016393 0.024590 0.008197 0.049180 0.016393 0.065574 0.040984 0.049180 0.114754 0.049180 0.057377 0.081967 0.090164 0.155738 0.114754 0.032787 0.032787 
31726.814532 0.030435 0.030435 0.052174 0.026087 0.008696 0.073913 0.069565 0.026087 0.082609 0.065217 0.165217 0.060870 0.073913 0.082609 0.095652 0.013043 0.043478 
26967.792352 0.033835 0.022556 0.056391 0.071429 0.048872 0.075188 0.075188 0.048872 0.071429 0.067669 0.078947 0.078947 0.026316 0.090226 0.086466 0.030075 0.037594 
22922.623499 0.046875 0.031250 0.039062 0.007812 0.039062 0.023438 0.101562 0.046875 0.093750 0.093750 0.078125 0.093750 0.101562 0.093750 0.062500 0.031250 0.015625 
19484.229974 0.035461 0.028369 0.039007 0.067376 0.039007 0.095745 0.078014 0.035461 0.109929 0.056738 0.085106 0.056738 0.078014 0.053191 0.081560 0.039007 0.021277 
16561.595478 0.035040 0.040431 0.029650 0.051213 0.070081 0.070081 0.061995 0.051213 0.048518 0.051213 0.080863 0.080863 0.067385 0.118598 0.072776 0.029650 0.040431 
14077.356157 0.029197 0.025547 0.058394 0.018248 0.051095 0.054745 0.062044 0.072993 0.069343 0.043796 0.124088 0.109489 0.083942 0.054745 0.087591 0.036496 0.018248 
11965.752733 0.016949 0.062147 0.033898 0.028249 0.062147 0.045198 0.045198 0.084746 0.073446 0.101695 0.101695 0.045198 0.112994 0.090395 0.073446 0.016949 0.005650 
10170.889823 0.040323 0.040323 0.052419 0.064516 0.056452 0.036290 0.076613 0.048387 0.096774 0.100806 0.040323 0.040323 0.068548 0.104839 0.072581 0.024194 0.036290 
8645.256350 0.011299 0.039548 0.039548 0.045198 0.056497 0.050847 0.045198 0.056497 0.101695 0.096045 0.062147 0.067797 0.050847 0.101695 0.107345 0.039548 0.028249 
7348.467897 0.021084 0.030120 0.060241 0.069277 0.048193 0.042169 0.069277 0.054217 0.066265 0.078313 0.129518 0.060241 0.072289 0.093373 0.063253 0.018072 0.024096 
6246.197713 0.028340 0.014170 0.046559 0.038462 0.032389 0.095142 0.052632 0.058704 0.078947 0.072874 0.066802 0.082996 0.064777 0.099190 0.109312 0.036437 0.022267 
5309.268056 0.034483 0.043103 0.025862 0.034483 0.051724 0.068966 0.077586 0.103448 0.077586 0.025862 0.086207 0.077586 0.051724 0.051724 0.094828 0.060345 0.034483 
4512.877847 0.011364 0.045455 0.045455 0.022727 0.068182 0.096591 0.045455 0.062500 0.107955 0.085227 0.073864 0.073864 0.079545 0.056818 0.068182 0.011364 0.045455 
3835.946170 0.033613 0.016807 0.033613 0.050420 0.050420 0.058824 0.025210 0.084034 0.092437 0.058824 0.058824 0.100840 0.100840 0.067227 0.075630 0.042017 0.050420 
3260.554245 0.017544 0.026316 0.035088 0.061404 0.105263 0.052632 0.070175 0.026316 0.061404 0.043860 0.070175 0.105263 0.087719 0.149123 0.052632 0.026316 0.008772 
2771.471108 0.034014 0.034014 0.013605 0.088435 0.047619 0.027211 0.054422 0.047619 0.115646 0.061224 0.095238 0.054422 0.108844 0.034014 0.074830 0.047619 0.061224 
2355.750442 0.056911 0.016260 0.024390 0.032520 0.008130 0.024390 0.056911 0.097561 0.113821 0.065041 0.138211 0.056911 0.105691 0.024390 0.089431 0.056911 0.032520 
2002.387876 0.029762 0.035714 0.041667 0.041667 0.041667 0.041667 0.047619 0.041667 0.053571 0.113095 0.083333 0.041667 0.142857 0.107143 0.095238 0.023810 0.017857 
1702.029694 0.045872 0.027523 0.055046 0.027523 0.091743 0.064220 0.128440 0.064220 0.045872 0.027523 0.064220 0.119266 0.036697 0.045872 0.082569 0.036697 0.036697 
1446.725240 0.034934 0.048035 0.054585 0.085153 0.026201 0.100437 0.078603 0.037118 0.043668 0.030568 0.115721 0.063319 0.113537 0.048035 0.072052 0.019651 0.028384 
1229.716454 0.048780 0.032520 0.024390 0.056911 0.073171 0.073171 0.105691 0.056911 0.040650 0.056911 0.105691 0.065041 0.040650 0.065041 0.113821 0.008130 0.032520 
1045.258986 0.016611 0.039867 0.029900 0.059801 0.039867 0.063123 0.059801 0.063123 0.205980 0.046512 0.066445 0.049834 0.036545 0.073090 0.083056 0.036545 0.029900 
888.470138 0.051471 0.036765 0.044118 0.036765 0.022059 0.073529 0.058824 0.117647 0.095588 0.080882 0.066176 0.073529 0.044118 0.073529 0.080882 0.014706 0.029412 
755.199617 0.056338 0.049296 0.049296 0.028169 0.035211 0.077465 0.105634 0.070423 0.035211 0.077465 0.084507 0.049296 0.042254 0.028169 0.112676 0.049296 0.049296 
641.919675 0.036125 0.026273 0.057471 0.042693 0.060755 0.077176 0.067323 0.080460 0.128079 0.075534 0.034483 0.110016 0.049261 0.027915 0.065681 0.026273 0.034483 
545.631724 0.036125 0.047619 0.055829 0.080460 0.060755 0.068966 0.065681 0.059113 0.049261 0.067323 0.059113 0.068966 0.062397 0.062397 0.100164 0.031199 0.024631 
463.786965 0.026273 0.044335 0.054187 0.047619 0.065681 0.062397 0.073892 0.103448 0.088670 0.059113 0.090312 0.055829 0.070608 0.057471 0.041051 0.024631 0.034483 
394.218920 0.034483 0.052545 0.065681 0.050903 0.052545 0.044335 0.068966 0.083744 0.106732 0.091954 0.065681 0.077176 0.047619 0.049261 0.050903 0.026273 0.031199 
337.533678 0.018349 0.027523 0.036697 0.036697 0.128440 0.045872 0.137615 0.073394 0.064220 0.073394 0.082569 0.082569 0.082569 0.018349 0.073394 0.018349 0.000000 
286.903626 0.024306 0.038194 0.034722 0.034722 0.076389 0.048611 0.079861 0.166667 0.045139 0.104167 0.038194 0.027778 0.100694 0.041667 0.072917 0.027778 0.038194 
243.868082 0.020942 0.052356 0.057592 0.041885 0.073298 0.036649 0.109948 0.099476 0.026178 0.089005 0.094241 0.031414 0.062827 0.078534 0.036649 0.047120 0.041885 
207.287870 0.022989 0.045977 0.038314 0.042146 0.034483 0.034483 0.057471 0.103448 0.061303 0.091954 0.130268 0.080460 0.084291 0.065134 0.042146 0.038314 0.026820 
176.194690 0.030675 0.024540 0.079755 0.030675 0.036810 0.082822 0.049080 0.095092 0.110429 0.070552 0.024540 0.055215 0.067485 0.104294 0.061350 0.042945 0.033742 
154.828727 0.034483 0.037767 0.059113 0.026273 0.087028 0.100164 0.072250 0.059113 0.052545 0.067323 0.106732 0.075534 0.027915 0.041051 0.075534 0.047619 0.029557 
131.604418 0.041051 0.050903 0.052545 0.052545 0.096880 0.057471 0.070608 0.080460 0.059113 0.072250 0.064039 0.050903 0.052545 0.087028 0.052545 0.036125 0.022989 
111.863755 0.062992 0.055118 0.110236 0.062992 0.055118 0.031496 0.094488 0.078740 0.062992 0.070866 0.078740 0.047244 0.039370 0.031496 0.055118 0.023622 0.039370 
95.084192 0.023364 0.032710 0.074766 0.084112 0.056075 0.079439 0.023364 0.070093 0.046729 0.149533 0.042056 0.182243 0.018692 0.018692 0.009346 0.042056 0.046729 
80.821563 0.050000 0.050000 0.062500 0.037500 0.043750 0.125000 0.087500 0.087500 0.037500 0.106250 0.068750 0.025000 0.031250 0.050000 0.062500 0.025000 0.050000 
69.884353 0.034404 0.066514 0.064220 0.112385 0.018349 0.052752 0.082569 0.096330 0.073394 0.029817 0.087156 0.110092 0.025229 0.061927 0.022936 0.036697 0.025229 
61.533722 0.018692 0.037383 0.056075 0.046729 0.084112 0.056075 0.102804 0.056075 0.056075 0.065421 0.028037 0.074766 0.065421 0.065421 0.149533 0.018692 0.018692 
55.134149 0.030060 0.036072 0.266533 0.050100 0.124248 0.042084 0.034068 0.018036 0.034068 0.014028 0.018036 0.052104 0.024048 0.122244 0.064128 0.026052 0.044088 
49.018307 0.019048 0.047619 0.104762 0.095238 0.052381 0.119048 0.119048 0.033333 0.042857 0.061905 0.023810 0.080952 0.033333 0.057143 0.033333 0.042857 0.033333 
43.350069 0.021459 0.030043 0.103004 0.042918 0.128755 0.085837 0.042918 0.077253 0.090129 0.051502 0.038627 0.060086 0.081545 0.077253 0.025751 0.012876 0.030043 
38.554663 0.032787 0.076503 0.065574 0.120219 0.054645 0.065574 0.081967 0.114754 0.027322 0.016393 0.092896 0.049180 0.071038 0.021858 0.049180 0.021858 0.038251 
34.991643 0.024631 0.057471 0.098522 0.101806 0.085386 0.062397 0.080460 0.085386 0.036125 0.021346 0.070608 0.123153 0.029557 0.032841 0.032841 0.041051 0.016420 
30.784865 0.029018 0.060268 0.066964 0.078125 0.093750 0.080357 0.075893 0.093750 0.087054 0.069196 0.035714 0.044643 0.035714 0.051339 0.029018 0.026786 0.042411 
27.609608 0.025210 0.050420 0.050420 0.100840 0.050420 0.084034 0.075630 0.067227 0.067227 0.084034 0.033613 0.025210 0.075630 0.050420 0.084034 0.033613 0.042017 
24.822593 0.038697 0.069246 0.050916 0.107943 0.105906 0.079430 0.152749 0.028513 0.107943 0.024440 0.028513 0.034623 0.028513 0.022403 0.048880 0.028513 0.042770 
22.489649 0.031199 0.070608 0.077176 0.103448 0.065681 0.090312 0.054187 0.052545 0.044335 0.108374 0.036125 0.050903 0.068966 0.026273 0.026273 0.036125 0.057471 
20.552911 0.032258 0.082949 0.073733 0.092166 0.119816 0.036866 0.110599 0.046083 0.036866 0.096774 0.032258 0.064516 0.032258 0.027650 0.041475 0.050691 0.023041 
18.671125 0.027915 0.090312 0.090312 0.082102 0.096880 0.060755 0.059113 0.070608 0.041051 0.045977 0.126437 0.032841 0.037767 0.024631 0.022989 0.060755 0.029557 
17.975882 0.054545 0.090909 0.090909 0.163636 0.036364 0.063636 0.118182 0.036364 0.027273 0.018182 0.072727 0.027273 0.027273 0.072727 0.009091 0.072727 0.018182 
15.827868 0.046948 0.070423 0.126761 0.084507 0.037559 0.126761 0.077465 0.068075 0.098592 0.042254 0.046948 0.032864 0.014085 0.039906 0.028169 0.039906 0.018779 
14.538555 0.083333 0.083333 0.058333 0.116667 0.150000 0.116667 0.058333 0.025000 0.041667 0.008333 0.050000 0.075000 0.025000 0.041667 0.016667 0.025000 0.025000 
12.768378 0.050314 0.088050 0.050314 0.182390 0.100629 0.125786 0.031447 0.018868 0.100629 0.050314 0.037736 0.012579 0.012579 0.050314 0.018868 0.031447 0.037736 
12.559141 0.056680 0.044534 0.044534 0.080972 0.060729 0.137652 0.024291 0.032389 0.178138 0.036437 0.032389 0.036437 0.016194 0.121457 0.044534 0.032389 0.020243 
11.446296 0.041219 0.078853 0.114695 0.089606 0.136201 0.093190 0.023297 0.105735 0.080645 0.026882 0.037634 0.035842 0.017921 0.037634 0.034050 0.017921 0.028674 
11.119802 0.039920 0.127745 0.089820 0.099800 0.121756 0.071856 0.039920 0.055888 0.049900 0.049900 0.073852 0.021956 0.023952 0.045908 0.041916 0.023952 0.021956 
10.300330 0.057816 0.053533 0.100642 0.107066 0.102784 0.074946 0.070664 0.085653 0.036403 0.068522 0.066381 0.017131 0.029979 0.027837 0.027837 0.027837 0.044968 
9.712887 0.054187 0.093596 0.093596 0.077176 0.100164 0.042693 0.110016 0.049261 0.064039 0.054187 0.036125 0.036125 0.031199 0.034483 0.047619 0.041051 0.034483 
9.125030 0.059603 0.139073 0.079470 0.092715 0.092715 0.099338 0.072848 0.052980 0.052980 0.026490 0.039735 0.039735 0.039735 0.039735 0.013245 0.019868 0.039735 
8.372539 0.063014 0.117808 0.150685 0.038356 0.095890 0.060274 0.057534 0.013699 0.123288 0.076712 0.027397 0.027397 0.016438 0.043836 0.021918 0.027397 0.038356 
8.246951 0.066667 0.133333 0.125000 0.150000 0.083333 0.058333 0.091667 0.016667 0.033333 0.066667 0.008333 0.033333 0.000000 0.041667 0.025000 0.016667 0.050000 
7.650931 0.029703 0.113861 0.108911 0.074257 0.084158 0.029703 0.247525 0.079208 0.024752 0.024752 0.029703 0.024752 0.029703 0.019802 0.019802 0.029703 0.029703 
7.337524 0.067024 0.144772 0.128686 0.072386 0.072386 0.077748 0.053619 0.026810 0.040214 0.040214 0.026810 0.104558 0.026810 0.029491 0.021448 0.026810 0.040214 
7.121834 0.045977 0.091954 0.067323 0.064039 0.118227 0.073892 0.077176 0.070608 0.093596 0.054187 0.029557 0.039409 0.024631 0.057471 0.036125 0.022989 0.032841 
6.995990 0.058333 0.091667 0.066667 0.150000 0.083333 0.033333 0.100000 0.066667 0.041667 0.041667 0.033333 0.058333 0.041667 0.008333 0.041667 0.075000 0.008333 
6.891050 0.028037 0.056075 0.084112 0.112150 0.144860 0.084112 0.046729 0.018692 0.009346 0.032710 0.140187 0.112150 0.032710 0.028037 0.014019 0.028037 0.028037 
6.787685 0.076923 0.107692 0.161538 0.076923 0.023077 0.069231 0.107692 0.015385 0.023077 0.046154 0.038462 0.023077 0.023077 0.061538 0.015385 0.038462 0.092308 
6.528573 0.060538 0.143498 0.071749 0.085202 0.076233 0.089686 0.103139 0.029148 0.103139 0.060538 0.022422 0.035874 0.017937 0.020179 0.026906 0.026906 0.026906 
6.403453 0.084375 0.134375 0.065625 0.146875 0.084375 0.028125 0.046875 0.065625 0.059375 0.053125 0.059375 0.028125 0.037500 0.028125 0.015625 0.028125 0.034375 
6.130210 0.042763 0.100329 0.078947 0.080592 0.090461 0.207237 0.046053 0.057566 0.041118 0.041118 0.027961 0.032895 0.027961 0.024671 0.036184 0.036184 0.027961 
6.038257 0.070866 0.086614 0.110236 0.110236 0.110236 0.047244 0.078740 0.062992 0.039370 0.062992 0.015748 0.023622 0.055118 0.015748 0.047244 0.039370 0.023622 
5.947683 0.082102 0.075534 0.114943 0.183908 0.068966 0.116585 0.026273 0.036125 0.062397 0.036125 0.034483 0.031199 0.029557 0.016420 0.026273 0.031199 0.027915 
5.858468 0.029851 0.174129 0.129353 0.114428 0.144279 0.054726 0.019900 0.049751 0.019900 0.029851 0.029851 0.044776 0.064677 0.019900 0.014925 0.029851 0.029851 
5.437481 0.131206 0.088652 0.156028 0.102837 0.078014 0.028369 0.021277 0.156028 0.039007 0.017730 0.024823 0.049645 0.010638 0.017730 0.039007 0.024823 0.014184 
5.151552 0.073892 0.129721 0.093596 0.146141 0.128079 0.059113 0.032841 0.045977 0.024631 0.034483 0.021346 0.029557 0.039409 0.037767 0.029557 0.024631 0.049261 
5.067308 0.064516 0.107527 0.103943 0.143369 0.071685 0.089606 0.057348 0.028674 0.043011 0.053763 0.093190 0.014337 0.025090 0.010753 0.035842 0.021505 0.035842 
4.991299 0.063063 0.198198 0.063063 0.081081 0.054054 0.045045 0.162162 0.036036 0.036036 0.045045 0.009009 0.063063 0.027027 0.027027 0.018018 0.045045 0.027027 
4.768206 0.048458 0.145374 0.061674 0.158590 0.215859 0.061674 0.048458 0.030837 0.008811 0.030837 0.035242 0.022026 0.022026 0.030837 0.030837 0.008811 0.039648 
4.585239 0.047619 0.108374 0.077176 0.165846 0.045977 0.054187 0.070608 0.131363 0.027915 0.014778 0.026273 0.039409 0.049261 0.027915 0.029557 0.029557 0.054187 
4.516460 0.091324 0.143836 0.089041 0.136986 0.052511 0.079909 0.095890 0.050228 0.018265 0.031963 0.027397 0.045662 0.018265 0.034247 0.029680 0.027397 0.027397 
4.448713 0.080460 0.154351 0.096880 0.090312 0.059113 0.077176 0.091954 0.057471 0.027915 0.041051 0.021346 0.019704 0.041051 0.032841 0.026273 0.026273 0.055829 
4.381983 0.092593 0.231481 0.175926 0.092593 0.055556 0.064815 0.055556 0.037037 0.037037 0.000000 0.009259 0.046296 0.018519 0.009259 0.018519 0.027778 0.027778 
4.119913 0.054187 0.165846 0.139573 0.129721 0.077176 0.045977 0.091954 0.026273 0.021346 0.027915 0.022989 0.024631 0.024631 0.037767 0.031199 0.026273 0.052545 
4.042379 0.048458 0.066079 0.123348 0.092511 0.061674 0.022026 0.079295 0.088106 0.070485 0.052863 0.061674 0.044053 0.030837 0.030837 0.048458 0.008811 0.070485 
3.981743 0.110016 0.075534 0.083744 0.131363 0.096880 0.032841 0.029557 0.123153 0.031199 0.031199 0.077176 0.029557 0.021346 0.034483 0.034483 0.024631 0.032841 
3.922017 0.075397 0.134921 0.091270 0.071429 0.079365 0.138889 0.059524 0.067460 0.027778 0.023810 0.035714 0.031746 0.031746 0.023810 0.027778 0.027778 0.051587 
3.863187 0.039370 0.118110 0.031496 0.173228 0.078740 0.102362 0.125984 0.070866 0.015748 0.047244 0.023622 0.015748 0.047244 0.023622 0.023622 0.015748 0.047244 
3.737390 0.056799 0.120482 0.163511 0.120482 0.091222 0.063683 0.061962 0.043029 0.032702 0.024096 0.034423 0.024096 0.044750 0.029260 0.037866 0.022375 0.029260 
3.657612 0.062397 0.096880 0.077176 0.098522 0.113300 0.054187 0.047619 0.024631 0.067323 0.124795 0.024631 0.057471 0.029557 0.036125 0.024631 0.027915 0.032841 
3.602748 0.096491 0.140351 0.131579 0.096491 0.070175 0.017544 0.052632 0.043860 0.026316 0.035088 0.035088 0.061404 0.026316 0.035088 0.061404 0.017544 0.052632 
3.537444 0.045455 0.215909 0.227273 0.090909 0.022727 0.020455 0.029545 0.056818 0.045455 0.031818 0.018182 0.034091 0.031818 0.025000 0.027273 0.020455 0.056818 
3.480545 0.060755 0.147783 0.146141 0.093596 0.042693 0.022989 0.021346 0.050903 0.090312 0.131363 0.034483 0.018062 0.026273 0.026273 0.021346 0.031199 0.034483 
3.425860 0.126437 0.203612 0.129721 0.090312 0.082102 0.034483 0.026273 0.032841 0.032841 0.029557 0.021346 0.026273 0.013136 0.045977 0.024631 0.027915 0.052545 
3.358617 0.066667 0.135802 0.135802 0.165432 0.059259 0.037037 0.051852 0.024691 0.019753 0.054321 0.029630 0.039506 0.034568 0.051852 0.034568 0.017284 0.041975 
3.308238 0.056452 0.169355 0.120968 0.112903 0.096774 0.016129 0.064516 0.032258 0.008065 0.137097 0.016129 0.048387 0.024194 0.024194 0.024194 0.040323 0.008065 
3.204198 0.049261 0.151067 0.249589 0.059113 0.118227 0.026273 0.031199 0.029557 0.026273 0.049261 0.029557 0.036125 0.032841 0.027915 0.022989 0.034483 0.026273 
3.156135 0.077586 0.103448 0.129310 0.051724 0.155172 0.068966 0.060345 0.112069 0.025862 0.008621 0.017241 0.017241 0.017241 0.043103 0.043103 0.017241 0.051724 
3.108793 0.105263 0.254386 0.052632 0.114035 0.035088 0.052632 0.061404 0.026316 0.026316 0.061404 0.035088 0.008772 0.035088 0.026316 0.043860 0.008772 0.052632 
3.062161 0.112450 0.128514 0.108434 0.060241 0.028112 0.120482 0.060241 0.072289 0.028112 0.016064 0.036145 0.044177 0.036145 0.052209 0.028112 0.044177 0.024096 
2.963275 0.093596 0.218391 0.055829 0.136289 0.042693 0.067323 0.044335 0.024631 0.022989 0.029557 0.044335 0.029557 0.031199 0.027915 0.041051 0.037767 0.052545 
2.918826 0.112903 0.161290 0.032258 0.056452 0.048387 0.153226 0.064516 0.120968 0.016129 0.016129 0.024194 0.040323 0.024194 0.048387 0.024194 0.032258 0.024194 
2.823181 0.287671 0.186301 0.104110 0.049315 0.027397 0.024658 0.016438 0.043836 0.041096 0.024658 0.024658 0.030137 0.024658 0.021918 0.027397 0.030137 0.035616 
2.736438 0.083744 0.088670 0.036125 0.067323 0.042693 0.119869 0.200328 0.037767 0.065681 0.031199 0.031199 0.032841 0.022989 0.027915 0.042693 0.027915 0.041051 
2.670092 0.090312 0.270936 0.088670 0.090312 0.045977 0.044335 0.029557 0.045977 0.032841 0.037767 0.031199 0.026273 0.026273 0.032841 0.032841 0.032841 0.041051 
2.630041 0.169130 0.096880 0.064039 0.078818 0.167488 0.080460 0.047619 0.037767 0.036125 0.022989 0.032841 0.031199 0.027915 0.022989 0.026273 0.029557 0.027915 
2.590590 0.143885 0.127098 0.131894 0.131894 0.074341 0.062350 0.038369 0.026379 0.033573 0.011990 0.014388 0.023981 0.021583 0.028777 0.035971 0.033573 0.059952 
2.551731 0.127119 0.161017 0.152542 0.050847 0.050847 0.042373 0.042373 0.025424 0.059322 0.025424 0.016949 0.016949 0.033898 0.016949 0.050847 0.025424 0.101695 
2.513455 0.104839 0.233871 0.145161 0.056452 0.040323 0.048387 0.016129 0.016129 0.008065 0.080645 0.040323 0.024194 0.024194 0.048387 0.040323 0.024194 0.048387 
2.447502 0.157635 0.113300 0.155993 0.036125 0.096880 0.016420 0.027915 0.036125 0.036125 0.039409 0.031199 0.019704 0.036125 0.034483 0.034483 0.026273 0.101806 
2.410790 0.162602 0.219512 0.081301 0.056911 0.056911 0.032520 0.024390 0.032520 0.040650 0.040650 0.024390 0.032520 0.024390 0.008130 0.016260 0.056911 0.089431 
2.374628 0.194915 0.271186 0.093220 0.016949 0.016949 0.008475 0.050847 0.033898 0.025424 0.042373 0.059322 0.033898 0.016949 0.025424 0.042373 0.033898 0.033898 
2.303535 0.172414 0.226601 0.032841 0.175698 0.039409 0.036125 0.045977 0.027915 0.032841 0.036125 0.026273 0.027915 0.016420 0.024631 0.018062 0.026273 0.034483 
2.268982 0.070866 0.165354 0.055118 0.086614 0.125984 0.094488 0.062992 0.015748 0.007874 0.039370 0.062992 0.023622 0.055118 0.031496 0.007874 0.039370 0.055118 
2.234947 0.093220 0.093220 0.237288 0.059322 0.194915 0.008475 0.025424 0.033898 0.016949 0.016949 0.042373 0.025424 0.025424 0.025424 0.016949 0.050847 0.033898 
2.201423 0.182609 0.060870 0.095652 0.113043 0.052174 0.008696 0.043478 0.026087 0.034783 0.052174 0.008696 0.043478 0.026087 0.017391 0.026087 0.043478 0.165217 
2.168401 0.097744 0.375940 0.067669 0.045113 0.022556 0.022556 0.007519 0.045113 0.037594 0.007519 0.007519 0.030075 0.045113 0.007519 0.030075 0.052632 0.097744 
2.135875 0.123153 0.280788 0.021346 0.029557 0.026273 0.024631 0.029557 0.034483 0.027915 0.032841 0.034483 0.029557 0.026273 0.029557 0.037767 0.036125 0.175698 
2.087748 0.090312 0.133005 0.192118 0.100164 0.075534 0.041051 0.026273 0.044335 0.022989 0.034483 0.036125 0.022989 0.024631 0.022989 0.034483 0.036125 0.062397 
2.056432 0.300885 0.088496 0.088496 0.035398 0.017699 0.061947 0.044248 0.017699 0.035398 0.035398 0.017699 0.079646 0.044248 0.035398 0.008850 0.053097 0.035398 
2.025585 0.311987 0.218391 0.026273 0.044335 0.034483 0.042693 0.026273 0.027915 0.039409 0.018062 0.032841 0.034483 0.031199 0.024631 0.026273 0.032841 0.027915 
1.995201 0.252101 0.159664 0.109244 0.075630 0.042017 0.050420 0.033613 0.025210 0.033613 0.016807 0.025210 0.025210 0.033613 0.016807 0.025210 0.016807 0.058824 
1.965273 0.224959 0.110016 0.029557 0.211823 0.029557 0.034483 0.029557 0.022989 0.042693 0.029557 0.034483 0.037767 0.021346 0.022989 0.039409 0.039409 0.039409 
1.935794 0.205255 0.182266 0.027915 0.049261 0.082102 0.078818 0.036125 0.018062 0.021346 0.021346 0.029557 0.036125 0.022989 0.032841 0.029557 0.024631 0.101806 
1.906757 0.207207 0.171171 0.045045 0.090090 0.045045 0.027027 0.000000 0.045045 0.009009 0.036036 0.054054 0.027027 0.054054 0.027027 0.054054 0.027027 0.081081 
1.878156 0.330508 0.262712 0.025424 0.033898 0.042373 0.025424 0.008475 0.042373 0.042373 0.025424 0.016949 0.016949 0.025424 0.008475 0.033898 0.033898 0.025424 
1.849984 0.162562 0.080460 0.339901 0.021346 0.019704 0.029557 0.016420 0.022989 0.024631 0.027915 0.027915 0.034483 0.024631 0.022989 0.026273 0.036125 0.082102 
1.822234 0.170940 0.034188 0.051282 0.034188 0.239316 0.025641 0.034188 0.085470 0.068376 0.025641 0.042735 0.042735 0.025641 0.034188 0.017094 0.008547 0.059829 
1.794900 0.137931 0.357964 0.032841 0.044335 0.031199 0.024631 0.031199 0.024631 0.037767 0.036125 0.029557 0.026273 0.022989 0.032841 0.029557 0.036125 0.064039 
1.767977 0.220588 0.147059 0.117647 0.022059 0.102941 0.014706 0.014706 0.051471 0.007353 0.029412 0.051471 0.051471 0.036765 0.029412 0.014706 0.029412 0.058824 
1.741457 0.328407 0.110016 0.034483 0.037767 0.031199 0.022989 0.027915 0.026273 0.041051 0.021346 0.027915 0.029557 0.021346 0.024631 0.039409 0.029557 0.146141 
1.715335 0.347458 0.161017 0.050847 0.059322 0.059322 0.033898 0.042373 0.016949 0.025424 0.008475 0.008475 0.050847 0.025424 0.025424 0.016949 0.016949 0.050847 
1.689605 0.540230 0.026273 0.022989 0.027915 0.027915 0.039409 0.032841 0.034483 0.018062 0.032841 0.021346 0.029557 0.027915 0.032841 0.029557 0.027915 0.027915 
1.664261 0.320197 0.072250 0.055829 0.026273 0.087028 0.039409 0.024631 0.095238 0.016420 0.047619 0.031199 0.018062 0.036125 0.036125 0.029557 0.039409 0.024631 
1.639297 0.241379 0.112069 0.051724 0.017241 0.198276 0.043103 0.025862 0.025862 0.008621 0.051724 0.034483 0.043103 0.034483 0.025862 0.008621 0.025862 0.051724 
1.614708 0.101806 0.082102 0.364532 0.021346 0.037767 0.029557 0.036125 0.027915 0.031199 0.026273 0.034483 0.024631 0.016420 0.022989 0.039409 0.036125 0.067323 
1.590487 0.238462 0.207692 0.069231 0.030769 0.100000 0.030769 0.030769 0.007692 0.015385 0.030769 0.015385 0.038462 0.030769 0.015385 0.023077 0.046154 0.069231 
1.566630 0.217391 0.104348 0.026087 0.060870 0.052174 0.191304 0.017391 0.026087 0.034783 0.043478 0.069565 0.026087 0.026087 0.034783 0.026087 0.017391 0.026087 
1.543130 0.216749 0.303777 0.029557 0.034483 0.034483 0.044335 0.042693 0.024631 0.016420 0.032841 0.041051 0.037767 0.018062 0.037767 0.031199 0.029557 0.024631 
1.519984 0.198686 0.114943 0.029557 0.024631 0.027915 0.037767 0.041051 0.024631 0.042693 0.031199 0.024631 0.021346 0.022989 0.024631 0.026273 0.045977 0.261084 
1.497184 0.383929 0.071429 0.133929 0.089286 0.026786 0.008929 0.035714 0.008929 0.035714 0.008929 0.035714 0.008929 0.044643 0.017857 0.008929 0.026786 0.053571 
1.474726 0.396552 0.163793 0.051724 0.025862 0.025862 0.025862 0.008621 0.043103 0.068966 0.008621 0.025862 0.017241 0.017241 0.043103 0.034483 0.008621 0.034483 
1.452605 0.433498 0.024631 0.021346 0.024631 0.029557 0.027915 0.027915 0.029557 0.026273 0.034483 0.031199 0.027915 0.029557 0.022989 0.029557 0.029557 0.149425 
1.430816 0.407080 0.026549 0.044248 0.044248 0.079646 0.035398 0.035398 0.017699 0.035398 0.035398 0.035398 0.035398 0.026549 0.044248 0.017699 0.017699 0.061947 
1.409354 0.500821 0.022989 0.037767 0.024631 0.019704 0.036125 0.027915 0.036125 0.022989 0.018062 0.039409 0.039409 0.018062 0.026273 0.049261 0.032841 0.047619 
1.388213 0.252101 0.050420 0.235294 0.008403 0.067227 0.067227 0.033613 0.008403 0.025210 0.042017 0.042017 0.016807 0.016807 0.008403 0.025210 0.016807 0.084034 
1.367390 0.211823 0.027915 0.026273 0.037767 0.026273 0.032841 0.039409 0.034483 0.031199 0.036125 0.026273 0.034483 0.041051 0.018062 0.037767 0.022989 0.315271 
1.346879 0.336617 0.055829 0.027915 0.022989 0.029557 0.031199 0.019704 0.018062 0.039409 0.027915 0.041051 0.031199 0.031199 0.027915 0.031199 0.032841 0.195402 
1.326676 0.313629 0.123153 0.072250 0.026273 0.026273 0.034483 0.031199 0.039409 0.029557 0.029557 0.014778 0.024631 0.026273 0.032841 0.032841 0.026273 0.116585 
1.306776 0.339901 0.152709 0.057471 0.022989 0.032841 0.034483 0.036125 0.029557 0.031199 0.022989 0.027915 0.036125 0.036125 0.019704 0.042693 0.032841 0.044335 
1.287174 0.328407 0.027915 0.037767 0.019704 0.032841 0.029557 0.036125 0.045977 0.042693 0.034483 0.037767 0.011494 0.039409 0.029557 0.026273 0.026273 0.193760 
1.267867 0.359649 0.026316 0.008772 0.008772 0.017544 0.166667 0.026316 0.043860 0.017544 0.070175 0.026316 0.035088 0.017544 0.008772 0.026316 0.026316 0.114035 
1.248849 0.075534 0.372742 0.044335 0.014778 0.050903 0.037767 0.032841 0.027915 0.021346 0.034483 0.037767 0.024631 0.031199 0.031199 0.034483 0.024631 0.103448 
1.230116 0.263158 0.105263 0.157895 0.000000 0.035088 0.087719 0.017544 0.026316 0.035088 0.008772 0.026316 0.052632 0.017544 0.043860 0.026316 0.008772 0.087719 
1.211664 0.408867 0.034483 0.029557 0.029557 0.034483 0.021346 0.013136 0.036125 0.027915 0.036125 0.036125 0.022989 0.032841 0.029557 0.022989 0.021346 0.162562 
1.193489 0.303777 0.060755 0.024631 0.027915 0.105090 0.024631 0.032841 0.019704 0.083744 0.029557 0.034483 0.031199 0.034483 0.024631 0.042693 0.022989 0.096880 
1.175587 0.236453 0.200328 0.044335 0.022989 0.060755 0.041051 0.021346 0.032841 0.018062 0.036125 0.021346 0.026273 0.034483 0.032841 0.034483 0.029557 0.106732 
1.157953 0.344828 0.054187 0.031199 0.039409 0.031199 0.147783 0.024631 0.036125 0.027915 0.029557 0.027915 0.031199 0.031199 0.019704 0.022989 0.021346 0.078818 
1.140584 0.264286 0.092857 0.214286 0.028571 0.064286 0.035714 0.014286 0.007143 0.014286 0.021429 0.014286 0.028571 0.064286 0.035714 0.042857 0.028571 0.028571 
1.123475 0.170772 0.018062 0.042693 0.042693 0.027915 0.021346 0.019704 0.042693 0.026273 0.041051 0.024631 0.034483 0.031199 0.027915 0.039409 0.024631 0.364532 
1.106623 0.369458 0.024631 0.031199 0.019704 0.041051 0.037767 0.042693 0.029557 0.037767 0.024631 0.045977 0.021346 0.036125 0.018062 0.034483 0.027915 0.157635 
1.090024 0.277504 0.133005 0.032841 0.042693 0.027915 0.018062 0.026273 0.032841 0.032841 0.036125 0.021346 0.042693 0.036125 0.027915 0.021346 0.029557 0.160920 
1.073673 0.254386 0.157895 0.043860 0.026316 0.026316 0.035088 0.026316 0.035088 0.035088 0.026316 0.026316 0.017544 0.035088 0.008772 0.061404 0.017544 0.166667 
