402168.324169 0.002220 0.017535 0.024065 0.037023 0.027339 0.056096 0.033301 0.053965 0.147130 0.110841 0.102446 0.140927 0.076268 0.109597 0.061247 0.000000 0.000000 
341843.075544 0.000438 0.008410 0.013540 0.015224 0.025354 0.062388 0.037110 0.060180 0.068706 0.098340 0.115522 0.121503 0.109891 0.127462 0.135933 0.000000 0.000000 
290566.614212 0.000293 0.003201 0.016099 0.027246 0.026579 0.045434 0.028094 0.068262 0.043045 0.056058 0.123352 0.089814 0.178506 0.076441 0.217575 0.000000 0.000000 
246981.622080 0.000326 0.009831 0.026537 0.030862 0.032034 0.024586 0.106595 0.073337 0.059184 0.040600 0.051689 0.098558 0.249733 0.162604 0.033525 0.000000 0.000000 
209934.378768 0.000358 0.014160 0.022054 0.019763 0.031439 0.061310 0.100379 0.057545 0.091688 0.061685 0.128117 0.180805 0.101430 0.049579 0.079690 0.000000 0.000000 
178444.221953 0.000703 0.013786 0.029752 0.042068 0.067151 0.077558 0.061583 0.084945 0.081076 0.033137 0.006883 0.283927 0.090260 0.012116 0.115056 0.000000 0.000000 
151677.588660 0.000567 0.005095 0.010682 0.016995 0.036602 0.062613 0.038754 0.075956 0.123992 0.073620 0.044223 0.159108 0.126859 0.062990 0.161945 0.000000 0.000000 
128925.950361 0.001230 0.006952 0.023613 0.002705 0.029131 0.055267 0.041534 0.090558 0.051461 0.053946 0.124182 0.072144 0.107879 0.039704 0.299693 0.000000 0.000000 
109587.057807 0.000565 0.009343 0.017699 0.022731 0.032179 0.049302 0.037271 0.105876 0.078302 0.081541 0.084144 0.068408 0.097160 0.114918 0.200561 0.000000 0.000000 
93148.999136 0.000256 0.002039 0.018131 0.055269 0.017869 0.081423 0.054408 0.054256 0.142608 0.000000 0.028051 0.105750 0.182640 0.097980 0.159319 0.000000 0.000000 
79176.649266 0.001034 0.004021 0.012632 0.014525 0.035350 0.049786 0.085319 0.077407 0.099157 0.026181 0.048345 0.178942 0.130660 0.156805 0.079836 0.000000 0.000000 
67300.151876 0.000538 0.007674 0.013224 0.015289 0.029942 0.044755 0.069050 0.057252 0.077709 0.092308 0.053309 0.108790 0.138988 0.128268 0.162903 0.000000 0.000000 
57205.129094 0.000000 0.010890 0.018569 0.032274 0.006130 0.062022 0.086355 0.086088 0.087259 0.039382 0.099519 0.097342 0.086567 0.108708 0.178895 0.000000 0.000000 
48624.359730 0.000955 0.009310 0.004771 0.040104 0.020343 0.032099 0.037506 0.102033 0.038650 0.031157 0.155910 0.068438 0.103488 0.113427 0.241810 0.000000 0.000000 
41330.705771 0.000478 0.005506 0.006859 0.028979 0.032986 0.028885 0.133885 0.073035 0.031232 0.086248 0.142390 0.094112 0.084122 0.121594 0.129688 0.000000 0.000000 
35131.099905 0.000166 0.010585 0.011179 0.013323 0.042361 0.019662 0.008361 0.047809 0.051540 0.136711 0.126591 0.178228 0.125644 0.080358 0.147481 0.000000 0.000000 
29861.434919 0.000494 0.005937 0.024531 0.024787 0.000000 0.018192 0.021160 0.028517 0.000000 0.127212 0.065835 0.208899 0.095870 0.186208 0.192357 0.000000 0.000000 
25382.219681 0.000127 0.006632 0.039266 0.035381 0.006811 0.013489 0.071114 0.111688 0.048423 0.075741 0.062963 0.038696 0.136223 0.276336 0.077109 0.000000 0.000000 
21574.886729 0.001540 0.004965 0.015211 0.027219 0.039756 0.054557 0.025507 0.060709 0.073942 0.082009 0.098447 0.076655 0.084433 0.202753 0.152295 0.000000 0.000000 
18338.653720 0.000499 0.003742 0.019498 0.051112 0.065901 0.090291 0.055666 0.052266 0.103282 0.060785 0.093420 0.139603 0.035463 0.130706 0.097767 0.000000 0.000000 
15587.855662 0.000824 0.005671 0.005589 0.041652 0.059187 0.048027 0.067190 0.118074 0.035553 0.051182 0.026884 0.158096 0.083403 0.079853 0.218817 0.000000 0.000000 
13249.677313 0.001156 0.005098 0.022440 0.037310 0.118048 0.027148 0.046439 0.098789 0.002105 0.170577 0.039772 0.164035 0.148118 0.076850 0.042115 0.000000 0.000000 
11262.225716 0.000426 0.005714 0.025164 0.034638 0.064288 0.050938 0.050963 0.061082 0.031593 0.102893 0.094116 0.127818 0.162395 0.109894 0.078076 0.000000 0.000000 
9572.891858 0.000307 0.006339 0.014325 0.024640 0.030304 0.056924 0.027770 0.081364 0.071499 0.072402 0.117621 0.113084 0.126873 0.143140 0.113407 0.000000 0.000000 
8136.958080 0.000744 0.006544 0.017664 0.014196 0.014946 0.012628 0.065117 0.048609 0.068860 0.079883 0.118652 0.118231 0.106368 0.152743 0.174816 0.000000 0.000000 
6916.414368 0.000274 0.004452 0.000000 0.014194 0.042922 0.044250 0.071129 0.048160 0.114975 0.034529 0.049450 0.027188 0.134541 0.248217 0.165721 0.000000 0.000000 
5878.952212 0.000506 0.009722 0.007755 0.036475 0.040784 0.032847 0.047643 0.097913 0.124016 0.052845 0.067690 0.067226 0.094695 0.179226 0.140658 0.000000 0.000000 
4997.109381 0.000803 0.015362 0.024308 0.025095 0.040116 0.034934 0.086693 0.055268 0.082524 0.118548 0.136829 0.093055 0.110448 0.084940 0.091077 0.000000 0.000000 
4247.542974 0.000891 0.011530 0.018147 0.030547 0.038824 0.070068 0.074452 0.073223 0.088087 0.104188 0.100903 0.079573 0.097097 0.100400 0.112070 0.000000 0.000000 
3610.411527 0.000686 0.006290 0.043191 0.023210 0.031700 0.112670 0.043176 0.106916 0.114108 0.101613 0.052863 0.078773 0.147514 0.074691 0.062599 0.000000 0.000000 
3068.849798 0.000686 0.012356 0.017281 0.027299 0.015122 0.059512 0.038653 0.100093 0.027545 0.077485 0.078873 0.052252 0.202695 0.091683 0.198465 0.000000 0.000000 
2608.522329 0.001222 0.006916 0.017419 0.044495 0.033646 0.070807 0.017801 0.096232 0.047381 0.092852 0.109753 0.165099 0.109254 0.037762 0.149361 0.000000 0.000000 
2217.243979 0.001154 0.015960 0.019591 0.010270 0.036404 0.040230 0.020583 0.058999 0.036365 0.081808 0.089474 0.149672 0.140830 0.091760 0.206900 0.000000 0.000000 
1884.657382 0.000456 0.011085 0.018838 0.032736 0.042846 0.070593 0.032177 0.061142 0.105998 0.110609 0.080046 0.082395 0.075327 0.145096 0.130654 0.000001 0.000000 
1601.958775 0.000570 0.001282 0.005741 0.001303 0.052734 0.089390 0.142397 0.084701 0.113392 0.112328 0.077472 0.022058 0.063429 0.015082 0.218122 0.000000 0.000000 
1361.664959 0.001456 0.005354 0.025261 0.033478 0.057672 0.056128 0.188350 0.079534 0.053855 0.015762 0.130804 0.032994 0.019755 0.096366 0.203230 0.000000 0.000000 
1157.415215 0.000652 0.005676 0.025485 0.064799 0.056387 0.034602 0.098721 0.163978 0.073143 0.073450 0.121125 0.058053 0.040201 0.081909 0.101816 0.000000 0.000002 
983.802933 0.000607 0.007497 0.020524 0.080430 0.046010 0.031980 0.054069 0.087383 0.068157 0.088883 0.101758 0.086880 0.155033 0.058788 0.112000 0.000000 0.000001 
836.232493 0.001292 0.014430 0.028813 0.037776 0.050951 0.049398 0.045373 0.062131 0.134508 0.056238 0.090230 0.094353 0.101222 0.090199 0.143086 0.000000 0.000000 
710.797619 0.000256 0.015971 0.013081 0.015715 0.018037 0.043120 0.007232 0.071824 0.152903 0.095148 0.016815 0.107249 0.202368 0.126601 0.113680 0.000000 0.000000 
604.177976 0.001503 0.012384 0.015611 0.050495 0.023475 0.036991 0.061281 0.079726 0.179814 0.087745 0.032069 0.105458 0.132798 0.074213 0.106437 0.000000 0.000000 
513.551280 0.005859 0.005241 0.046872 0.008926 0.075298 0.110413 0.145419 0.107617 0.091796 0.121334 0.035704 0.135794 0.015637 0.024971 0.069118 0.000000 0.000000 
436.518588 0.005990 0.000000 0.052555 0.013012 0.092615 0.138881 0.111895 0.201402 0.026782 0.040796 0.064130 0.102024 0.040888 0.038682 0.070348 0.000000 0.000000 
371.040800 0.001489 0.015432 0.010463 0.035620 0.059216 0.061718 0.071262 0.101009 0.089231 0.087560 0.119074 0.126367 0.079716 0.049630 0.092213 0.000000 0.000000 
316.177296 0.000000 0.005078 0.042867 0.134389 0.056400 0.025655 0.103262 0.033672 0.072546 0.100231 0.031119 0.095749 0.079377 0.103771 0.115884 0.000000 0.000000 
268.750702 0.000642 0.010671 0.040315 0.093614 0.035211 0.040062 0.135477 0.050172 0.037642 0.073482 0.042233 0.070737 0.053860 0.130126 0.185754 0.000000 0.000000 
235.751138 0.003880 0.013149 0.073450 0.087649 0.123689 0.109308 0.032505 0.075500 0.021747 0.060988 0.071033 0.131167 0.006141 0.067647 0.122148 0.000000 0.000000 
200.388467 0.001871 0.020313 0.063520 0.082474 0.181979 0.170234 0.029642 0.116825 0.093710 0.004945 0.069910 0.064171 0.070893 0.019075 0.010438 0.000000 0.000000 
170.330197 0.001491 0.023505 0.013764 0.008486 0.110615 0.211490 0.054586 0.006398 0.206114 0.000000 0.110767 0.025352 0.161670 0.065764 0.000000 0.000000 0.000000 
144.780668 0.002947 0.009089 0.069996 0.059148 0.061463 0.195927 0.075374 0.026494 0.130800 0.023067 0.062290 0.042585 0.050833 0.144073 0.045907 0.000000 0.000006 
123.063568 0.002193 0.031370 0.056196 0.133521 0.033981 0.038902 0.058317 0.051151 0.103528 0.048318 0.238869 0.140376 0.035403 0.000000 0.027876 0.000000 0.000000 
104.604032 0.001510 0.037959 0.028754 0.069078 0.052310 0.062621 0.072756 0.089859 0.154456 0.139685 0.131793 0.009553 0.051949 0.067730 0.029989 0.000000 0.000000 
88.913428 0.004761 0.023032 0.033302 0.002969 0.112406 0.072218 0.099825 0.227544 0.089537 0.039313 0.045808 0.091411 0.021955 0.074587 0.061332 0.000000 0.000000 
75.576413 0.002655 0.011847 0.066828 0.035581 0.121474 0.101770 0.132660 0.071627 0.110947 0.068074 0.017255 0.114147 0.013791 0.036704 0.092074 0.002017 0.000552 
67.943630 0.000955 0.011971 0.095351 0.047695 0.074514 0.019491 0.104022 0.076063 0.000417 0.204205 0.054978 0.137513 0.000000 0.161601 0.011180 0.000043 0.000000 
57.895327 0.002970 0.064768 0.079457 0.068234 0.085925 0.073177 0.090992 0.048237 0.024722 0.136697 0.123565 0.057074 0.038605 0.102728 0.000000 0.000512 0.002338 
50.965628 0.002655 0.069645 0.114698 0.080455 0.109434 0.067543 0.156105 0.046777 0.098078 0.084964 0.025897 0.031193 0.021134 0.091420 0.000000 0.000000 0.000000 
44.446972 0.004957 0.051721 0.094768 0.110107 0.126025 0.139564 0.140175 0.053584 0.119895 0.078709 0.030235 0.016263 0.000000 0.023507 0.009412 0.001079 0.000000 
39.173891 0.009270 0.039067 0.106276 0.057262 0.078351 0.410078 0.001621 0.061937 0.170930 0.041025 0.000000 0.000000 0.018822 0.000553 0.000000 0.004809 0.000000 
34.781010 0.006551 0.059171 0.158958 0.091786 0.134876 0.079493 0.050702 0.089422 0.168596 0.046496 0.025886 0.023445 0.049617 0.014999 0.000000 0.000000 0.000000 
31.168789 0.006909 0.056963 0.090321 0.204261 0.186720 0.102768 0.072308 0.059031 0.095087 0.021519 0.049756 0.011337 0.012484 0.011542 0.018996 0.000000 0.000000 
27.858955 0.000843 0.074750 0.084976 0.252360 0.217718 0.125936 0.112205 0.023300 0.066032 0.000000 0.000000 0.036325 0.005557 0.000000 0.000000 0.000000 0.000000 
25.383878 0.004847 0.061443 0.167666 0.138447 0.234548 0.113458 0.139686 0.041961 0.039495 0.010275 0.020506 0.015054 0.003101 0.000000 0.009511 0.000000 0.000000 
22.871964 0.009546 0.073292 0.172552 0.166393 0.091353 0.074990 0.143873 0.109005 0.049172 0.053652 0.008050 0.026347 0.000000 0.013456 0.000000 0.006825 0.001492 
363197.277229 0.001534 0.012435 0.021325 0.037543 0.032938 0.085243 0.108967 0.052723 0.059823 0.084095 0.118808 0.112613 0.103194 0.110262 0.058494 0.000000 0.000000 
308717.685644 0.000573 0.006079 0.000000 0.030403 0.019390 0.072489 0.017753 0.150824 0.028521 0.092958 0.185850 0.151494 0.000000 0.107113 0.136552 0.000000 0.000000 
262410.032798 0.000211 0.006798 0.002780 0.014077 0.011079 0.025590 0.000000 0.076943 0.121727 0.107554 0.067788 0.100080 0.029700 0.219663 0.216009 0.000000 0.000000 
223048.527878 0.000930 0.007689 0.011728 0.015940 0.027579 0.051766 0.018588 0.059060 0.100031 0.165440 0.092717 0.125904 0.018329 0.121899 0.182401 0.000000 0.000000 
189591.248696 0.000993 0.000945 0.035653 0.014168 0.015721 0.079256 0.078726 0.048853 0.051434 0.099223 0.110280 0.038656 0.086603 0.205644 0.133843 0.000000 0.000000 
161152.561392 0.000588 0.003734 0.030696 0.020378 0.000000 0.092020 0.209555 0.097956 0.027704 0.021227 0.065732 0.042413 0.064725 0.248980 0.074292 0.000000 0.000000 
136979.677183 0.000372 0.007954 0.009375 0.016167 0.014321 0.044926 0.080249 0.083238 0.040485 0.064229 0.092281 0.144120 0.135766 0.157079 0.109438 0.000000 0.000000 
116432.725606 0.000080 0.001789 0.010203 0.007055 0.031937 0.041358 0.018149 0.047594 0.040744 0.071028 0.073690 0.234349 0.076717 0.142265 0.203041 0.000000 0.000000 
98967.816765 0.000437 0.008422 0.015908 0.016622 0.033180 0.053986 0.030428 0.041919 0.085488 0.084070 0.097591 0.126583 0.041206 0.136256 0.227905 0.000000 0.000000 
84122.644250 0.000032 0.016852 0.020053 0.034282 0.032011 0.052201 0.116999 0.043090 0.135583 0.112664 0.081173 0.107513 0.042434 0.118576 0.086538 0.000000 0.000000 
71504.247613 0.000657 0.006613 0.001661 0.019335 0.090396 0.075111 0.146339 0.031059 0.108661 0.074593 0.051793 0.091610 0.096422 0.136361 0.069390 0.000000 0.000000 
60778.610471 0.000693 0.003261 0.002995 0.020172 0.048928 0.055422 0.120851 0.059147 0.083709 0.073311 0.021185 0.091199 0.141156 0.176829 0.101142 0.000000 0.000000 
51661.818900 0.001188 0.008613 0.010689 0.007737 0.000000 0.040932 0.103941 0.017245 0.106518 0.093619 0.144632 0.086678 0.193904 0.090177 0.094126 0.000000 0.000000 
43912.546065 0.000698 0.007525 0.018605 0.017419 0.012123 0.042957 0.069953 0.033916 0.064783 0.094528 0.114049 0.126042 0.194580 0.137440 0.065384 0.000000 0.000000 
37325.664155 0.000097 0.000000 0.000000 0.022238 0.000000 0.028916 0.026978 0.007433 0.133459 0.070330 0.126052 0.067885 0.064120 0.239705 0.212788 0.000000 0.000000 
31726.814532 0.000410 0.009939 0.017733 0.023797 0.005628 0.066488 0.061843 0.028402 0.079067 0.060267 0.212533 0.100577 0.080700 0.116691 0.135924 0.000000 0.000000 
26967.792352 0.000557 0.003697 0.034339 0.022037 0.025702 0.033753 0.077521 0.020808 0.101769 0.098117 0.048597 0.183480 0.026264 0.226420 0.096939 0.000000 0.000000 
22922.623499 0.000248 0.007827 0.013078 0.004238 0.007546 0.030606 0.114239 0.006063 0.170182 0.084221 0.097094 0.086398 0.218427 0.079668 0.080165 0.000000 0.000000 
19484.229974 0.000463 0.001120 0.019925 0.028462 0.039343 0.085778 0.053421 0.017444 0.111279 0.064937 0.142560 0.071043 0.099468 0.130626 0.134129 0.000000 0.000000 
16561.595478 0.000918 0.002991 0.014624 0.025771 0.039871 0.067170 0.061395 0.053949 0.030817 0.036739 0.156208 0.143970 0.082239 0.185571 0.097767 0.000000 0.000000 
14077.356157 0.000309 0.002525 0.010242 0.000895 0.044730 0.057164 0.048038 0.110170 0.066292 0.053912 0.180439 0.099237 0.115406 0.102539 0.108103 0.000000 0.000000 
11965.752733 0.000434 0.006946 0.012668 0.015407 0.041916 0.040113 0.034595 0.081367 0.118750 0.180288 0.138999 0.029561 0.132379 0.075972 0.090604 0.000000 0.000000 
10170.889823 0.000894 0.006728 0.020422 0.030780 0.042543 0.023523 0.082064 0.044474 0.118793 0.175453 0.010452 0.072397 0.080025 0.153196 0.138257 0.000000 0.000000 
8645.256350 0.000312 0.007565 0.018615 0.024282 0.037776 0.024587 0.027275 0.060105 0.099244 0.145075 0.102650 0.062961 0.110737 0.168264 0.110552 0.000000 0.000000 
7348.467897 0.000249 0.002571 0.011767 0.033455 0.019941 0.055437 0.053406 0.054484 0.088439 0.083578 0.130202 0.086920 0.106613 0.164270 0.108668 0.000000 0.000000 
6246.197713 0.000504 0.002226 0.018676 0.018382 0.026733 0.075596 0.052354 0.066694 0.086307 0.052054 0.068802 0.119287 0.091132 0.118528 0.202725 0.000000 0.000000 
5309.268056 0.001148 0.012750 0.016069 0.005713 0.057173 0.039640 0.106833 0.114251 0.080094 0.034115 0.161223 0.034386 0.065313 0.042450 0.228841 0.000000 0.000000 
4512.877847 0.000363 0.015736 0.003336 0.014080 0.026325 0.121590 0.017919 0.071775 0.173989 0.087979 0.078549 0.143594 0.109416 0.061385 0.073961 0.000002 0.000000 
3835.946170 0.000730 0.001292 0.019486 0.024895 0.050001 0.019572 0.026257 0.086058 0.069691 0.024422 0.091643 0.164218 0.188825 0.154009 0.078904 0.000000 0.000000 
3260.554245 0.001060 0.004414 0.005977 0.013658 0.051548 0.000000 0.035544 0.026895 0.111676 0.038400 0.103086 0.121060 0.163488 0.269876 0.053318 0.000000 0.000000 
2771.471108 0.000613 0.010272 0.000000 0.071257 0.008270 0.017154 0.057569 0.054471 0.158084 0.029594 0.243005 0.063006 0.125495 0.013421 0.147789 0.000001 0.000000 
2355.750442 0.000861 0.005548 0.009140 0.024505 0.000000 0.013444 0.032359 0.049692 0.095502 0.068731 0.208732 0.094920 0.174692 0.081527 0.140348 0.000000 0.000000 
2002.387876 0.001427 0.004858 0.027388 0.004728 0.054914 0.050620 0.106495 0.032074 0.087299 0.087006 0.051284 0.106851 0.053949 0.120786 0.210322 0.000000 0.000000 
1702.029694 0.001833 0.011644 0.038917 0.040272 0.033110 0.123310 0.204553 0.026445 0.015279 0.000000 0.214681 0.150793 0.061207 0.019473 0.058484 0.000000 0.000000 
1446.725240 0.001003 0.010755 0.018264 0.058369 0.028750 0.070553 0.060336 0.050559 0.048180 0.057713 0.159755 0.085773 0.135404 0.073867 0.140720 0.000000 0.000000 
1229.716454 0.000630 0.004336 0.005866 0.048512 0.024519 0.058601 0.158659 0.051372 0.183425 0.035077 0.131057 0.068274 0.011153 0.091834 0.126683 0.000000 0.000000 
1045.258986 0.000569 0.011770 0.015528 0.018244 0.034461 0.082158 0.041596 0.076654 0.265253 0.067074 0.107226 0.057495 0.021273 0.138522 0.062178 0.000000 0.000001 
888.470138 0.001472 0.014216 0.027144 0.019945 0.006357 0.049857 0.102837 0.189668 0.085530 0.079495 0.140043 0.061645 0.004844 0.020825 0.196123 0.000000 0.000000 
755.199617 0.000609 0.008411 0.029360 0.022267 0.035697 0.106870 0.114817 0.111574 0.141216 0.128702 0.039821 0.126693 0.030080 0.000881 0.103002 0.000000 0.000000 
641.919675 0.001335 0.010204 0.036698 0.035983 0.074794 0.081539 0.059842 0.044658 0.147787 0.095606 0.034177 0.128516 0.073794 0.023866 0.151201 0.000000 0.000000 
545.631724 0.001830 0.026087 0.025932 0.046519 0.060476 0.077229 0.085191 0.123814 0.070310 0.055328 0.094866 0.086425 0.079612 0.089139 0.077243 0.000000 0.000000 
463.786965 0.000922 0.017415 0.037706 0.033712 0.065489 0.048182 0.115669 0.141350 0.156396 0.089032 0.081418 0.063304 0.028242 0.078296 0.042866 0.000000 0.000000 
394.218920 0.001600 0.012384 0.037688 0.037004 0.042006 0.043036 0.086730 0.112439 0.125128 0.116194 0.086478 0.091130 0.080242 0.059831 0.068108 0.000000 0.000000 
337.533678 0.000180 0.007168 0.001582 0.001849 0.135571 0.026242 0.226383 0.145092 0.030494 0.075044 0.094274 0.035685 0.113360 0.017077 0.090000 0.000000 0.000000 
286.903626 0.000994 0.016917 0.026825 0.028856 0.038443 0.054306 0.134454 0.250025 0.003842 0.207427 0.047859 0.003053 0.087095 0.072939 0.026966 0.000000 0.000000 
243.868082 0.000654 0.016080 0.026135 0.017540 0.054004 0.022181 0.125581 0.167056 0.014870 0.117848 0.153516 0.036929 0.128810 0.096444 0.022354 0.000000 0.000000 
207.287870 0.001339 0.012710 0.048441 0.036898 0.030746 0.061906 0.061552 0.178847 0.086548 0.103146 0.091098 0.042232 0.047513 0.159754 0.037269 0.000000 0.000000 
176.194690 0.002050 0.011187 0.084597 0.007567 0.083991 0.159556 0.073734 0.086353 0.101767 0.078935 0.063001 0.067545 0.023426 0.063351 0.092933 0.000000 0.000007 
154.828727 0.002334 0.017603 0.071419 0.018625 0.105394 0.090804 0.079085 0.087715 0.075003 0.088866 0.125451 0.062442 0.020564 0.066446 0.088230 0.000017 0.000000 
131.604418 0.001304 0.032730 0.067218 0.059322 0.117912 0.058546 0.118115 0.114316 0.064072 0.052717 0.065552 0.033104 0.125333 0.055337 0.034390 0.000000 0.000031 
111.863755 0.005954 0.055363 0.186273 0.088021 0.044177 0.042685 0.012948 0.088715 0.048877 0.264293 0.030398 0.132296 0.000000 0.000000 0.000000 0.000000 0.000000 
95.084192 0.002261 0.024338 0.105704 0.047211 0.059746 0.105897 0.048988 0.177972 0.025821 0.182072 0.093913 0.087611 0.000000 0.010930 0.027171 0.000000 0.000366 
80.821563 0.002420 0.024246 0.059493 0.093004 0.003410 0.141795 0.135125 0.157789 0.060019 0.047351 0.173400 0.054025 0.000000 0.047923 0.000000 0.000000 0.000000 
69.884353 0.003850 0.041083 0.091281 0.147605 0.016572 0.057331 0.078474 0.158132 0.050845 0.029305 0.071693 0.121779 0.040541 0.047932 0.043459 0.000117 0.000000 
61.533722 0.000000 0.000000 0.353020 0.006420 0.231795 0.022336 0.043018 0.000000 0.000000 0.000000 0.000000 0.032134 0.000000 0.157612 0.153664 0.000000 0.000000 
55.134149 0.002151 0.039360 0.387786 0.058830 0.180416 0.071761 0.064258 0.009422 0.004615 0.018882 0.003548 0.040842 0.006259 0.086926 0.024946 0.000000 0.000000 
49.018307 0.003162 0.023600 0.223401 0.052494 0.139791 0.172316 0.080167 0.060743 0.060774 0.043064 0.000000 0.083778 0.038378 0.018245 0.000000 0.000000 0.000087 
43.350069 0.002412 0.025448 0.147727 0.084999 0.093518 0.075190 0.066082 0.123171 0.090726 0.011826 0.102278 0.026120 0.100936 0.049568 0.000000 0.000000 0.000000 
38.554663 0.003015 0.075214 0.095622 0.199604 0.087795 0.074223 0.128103 0.151569 0.000000 0.000000 0.069670 0.115184 0.000000 0.000000 0.000000 0.000000 0.000000 
34.991643 0.001571 0.040220 0.202909 0.188774 0.129235 0.095824 0.079724 0.074317 0.060032 0.026149 0.034699 0.032691 0.008216 0.025639 0.000000 0.000000 0.000000 
30.784865 0.006658 0.061815 0.075315 0.080190 0.194002 0.085213 0.104054 0.108419 0.093382 0.108361 0.007922 0.007445 0.032444 0.000000 0.034780 0.000000 0.000000 
27.609608 0.004115 0.046166 0.024248 0.262786 0.088971 0.112674 0.242363 0.000000 0.174442 0.000000 0.000000 0.000000 0.000000 0.000000 0.044235 0.000000 0.000000 
24.822593 0.005497 0.075421 0.052359 0.210430 0.154196 0.162900 0.125486 0.036328 0.059150 0.043511 0.011823 0.005014 0.036109 0.000000 0.000000 0.000000 0.021777 
22.489649 0.004078 0.106540 0.122597 0.209753 0.108074 0.052975 0.082178 0.099497 0.011616 0.124848 0.000000 0.063088 0.014758 0.000000 0.000000 0.000000 0.000000 
20.552911 0.003104 0.139796 0.121742 0.106276 0.249887 0.012326 0.107674 0.072176 0.000000 0.054130 0.071644 0.021955 0.014729 0.000000 0.000000 0.024564 0.000000 
18.671125 0.012713 0.144975 0.144047 0.196678 0.158146 0.055839 0.119064 0.051198 0.027233 0.000000 0.069631 0.000000 0.004382 0.015557 0.000000 0.000015 0.000523 
17.975882 0.014213 0.085771 0.198587 0.190039 0.005666 0.185803 0.178931 0.038555 0.070932 0.000000 0.006471 0.000000 0.000000 0.025016 0.000000 0.000012 0.000003 
15.827868 0.006784 0.101264 0.166365 0.152858 0.083656 0.238701 0.077143 0.012765 0.058871 0.010282 0.027936 0.063093 0.000000 0.000000 0.000000 0.000010 0.000273 
14.538555 0.020530 0.061311 0.050887 0.358091 0.268030 0.178605 0.000022 0.001558 0.060964 0.000000 0.000000 0.000000 0.000000 0.000000 0.000000 0.000000 0.000002 
12.768378 0.030650 0.073215 0.030554 0.208940 0.034856 0.224145 0.000000 0.000000 0.303908 0.018253 0.000000 0.000000 0.000000 0.073948 0.000000 0.000024 0.001506 
12.559141 0.013146 0.042712 0.106605 0.102081 0.179385 0.187142 0.000000 0.053815 0.305214 0.000000 0.000000 0.000000 0.000000 0.008530 0.000000 0.000026 0.001343 
11.446296 0.013524 0.119041 0.164736 0.148295 0.234926 0.126353 0.013306 0.064242 0.077409 0.004241 0.031696 0.000000 0.000000 0.002140 0.000000 0.000009 0.000082 
11.119802 0.008885 0.150964 0.125616 0.146466 0.234737 0.113907 0.029227 0.068506 0.006738 0.071633 0.042087 0.000000 0.000000 0.000000 0.000000 0.000007 0.001228 
10.300330 0.024487 0.092658 0.137415 0.160473 0.242826 0.056151 0.147863 0.049696 0.015176 0.048100 0.016317 0.003130 0.000000 0.000000 0.003188 0.000002 0.002518 
9.712887 0.039231 0.203176 0.173825 0.106556 0.115326 0.069460 0.165825 0.036782 0.051927 0.023182 0.000741 0.010504 0.000000 0.000000 0.003299 0.000023 0.000144 
9.125030 0.037626 0.339151 0.213055 0.017501 0.140960 0.051394 0.033166 0.002643 0.125177 0.032772 0.000000 0.000000 0.000335 0.000000 0.000000 0.000004 0.006217 
8.372539 0.031714 0.191707 0.264356 0.164095 0.072136 0.104743 0.081985 0.000000 0.048370 0.034541 0.000000 0.000000 0.000000 0.000000 0.000000 0.000004 0.006350 
8.246951 0.029704 0.160908 0.173042 0.113306 0.110906 0.000000 0.394785 0.017301 0.000000 0.000000 0.000000 0.000000 0.000000 0.000000 0.000000 0.000023 0.000025 
7.650931 0.020047 0.241987 0.247040 0.112145 0.093819 0.019905 0.185661 0.024854 0.000000 0.000000 0.000000 0.054514 0.000000 0.000000 0.000000 0.000011 0.000017 
7.337524 0.044901 0.193258 0.151206 0.074342 0.135247 0.126599 0.062296 0.032834 0.065788 0.041817 0.000000 0.025618 0.000000 0.043799 0.000000 0.000017 0.002279 
7.121834 0.058327 0.158002 0.096073 0.158627 0.260709 0.048740 0.100589 0.014454 0.083424 0.007974 0.001336 0.000000 0.000000 0.000000 0.002412 0.000005 0.009329 
6.995990 0.025272 0.099263 0.084863 0.284579 0.245984 0.063835 0.030299 0.000000 0.000000 0.005157 0.070585 0.089953 0.000000 0.000000 0.000000 0.000208 0.000002 
6.891050 0.043859 0.091860 0.279558 0.158226 0.125074 0.148705 0.025319 0.001510 0.000000 0.000000 0.015950 0.000000 0.041675 0.000000 0.000000 0.000003 0.068261 
6.787685 0.035659 0.261953 0.182154 0.131839 0.021436 0.046991 0.232836 0.000000 0.044117 0.023979 0.000000 0.000000 0.000000 0.000000 0.000000 0.000011 0.019028 
6.528573 0.087984 0.315762 0.095402 0.190414 0.104148 0.008893 0.047545 0.015558 0.070526 0.043567 0.014175 0.000000 0.000000 0.000000 0.000000 0.000047 0.005978 
6.403453 0.034068 0.202219 0.088001 0.250210 0.147960 0.140769 0.044376 0.060527 0.024687 0.006990 0.000000 0.000000 0.000000 0.000000 0.000000 0.000000 0.000193 
6.130210 0.021215 0.192820 0.197930 0.123613 0.151633 0.159022 0.027694 0.027764 0.019359 0.075177 0.002683 0.000000 0.000000 0.000000 0.000000 0.000016 0.001074 
6.038257 0.099913 0.071705 0.192973 0.432982 0.089304 0.100242 0.004006 0.000000 0.008865 0.000000 0.000000 0.000000 0.000000 0.000000 0.000000 0.000002 0.000007 
5.947683 0.067832 0.194337 0.246679 0.292022 0.095085 0.083388 0.000231 0.010300 0.000000 0.000382 0.000000 0.000000 0.008166 0.000000 0.000000 0.000002 0.001577 
5.858468 0.044745 0.206726 0.333653 0.141919 0.157084 0.022333 0.000000 0.093080 0.000000 0.000000 0.000000 0.000000 0.000000 0.000000 0.000000 0.000418 0.000042 
5.437481 0.117853 0.180673 0.253363 0.254450 0.138782 0.012736 0.000000 0.034622 0.000000 0.000000 0.000000 0.000000 0.000000 0.000000 0.000000 0.000036 0.007485 
5.151552 0.046813 0.256134 0.170173 0.225347 0.134378 0.071189 0.026714 0.001285 0.010598 0.011948 0.038414 0.005633 0.000000 0.000000 0.000000 0.000057 0.001317 
5.067308 0.036601 0.281471 0.209020 0.114256 0.102403 0.045554 0.191034 0.000000 0.000000 0.015274 0.000000 0.000000 0.000000 0.000000 0.000000 0.000002 0.004386 
4.991299 0.027898 0.418060 0.039945 0.267450 0.157818 0.020450 0.054332 0.000000 0.000000 0.000000 0.000000 0.000000 0.000000 0.000000 0.000000 0.000007 0.014040 
4.768206 0.037122 0.206419 0.060815 0.413762 0.106590 0.016948 0.063640 0.076979 0.000000 0.000000 0.000000 0.000000 0.000000 0.000000 0.000000 0.000000 0.017725 
4.585239 0.070923 0.302530 0.086441 0.295615 0.023810 0.058815 0.076029 0.078144 0.000000 0.000000 0.000000 0.000000 0.000000 0.000000 0.000000 0.000025 0.007669 
4.516460 0.112225 0.420436 0.128533 0.135185 0.029953 0.074003 0.074044 0.016221 0.000000 0.000000 0.000000 0.000000 0.000000 0.000000 0.000000 0.000021 0.009380 
4.448713 0.127659 0.355014 0.187132 0.071449 0.094947 0.125689 0.021992 0.000000 0.000000 0.007790 0.000000 0.000000 0.000000 0.000000 0.000000 0.000004 0.008321 
4.381983 0.044831 0.421272 0.259915 0.148805 0.039242 0.026338 0.057737 0.000000 0.000000 0.000000 0.000000 0.000000 0.000000 0.000000 0.000000 0.000003 0.001859 
4.119913 0.026697 0.252686 0.278421 0.169245 0.081754 0.025250 0.047425 0.040242 0.018303 0.020043 0.000000 0.000000 0.000000 0.000000 0.000000 0.000046 0.039886 
4.042379 0.084173 0.092650 0.179717 0.226565 0.104623 0.000000 0.000000 0.228769 0.004951 0.000000 0.071540 0.000000 0.000000 0.000000 0.000000 0.000017 0.006995 
3.981743 0.164428 0.210926 0.170595 0.146842 0.109112 0.075640 0.031218 0.053357 0.000000 0.000000 0.021494 0.000000 0.000000 0.000000 0.000000 0.000012 0.016375 
3.922017 0.055067 0.245170 0.106770 0.204677 0.044839 0.145447 0.118742 0.054215 0.000000 0.000000 0.000000 0.000000 0.000000 0.000000 0.000000 0.000002 0.025070 
3.863187 0.012151 0.261029 0.110026 0.278391 0.129243 0.091505 0.106650 0.000000 0.000000 0.000000 0.000000 0.000000 0.000000 0.000000 0.000000 0.000004 0.011002 
3.737390 0.077405 0.189643 0.211220 0.175141 0.185386 0.032468 0.019257 0.005468 0.021345 0.062792 0.000000 0.017435 0.000000 0.000000 0.000000 0.000066 0.002375 
3.657612 0.087283 0.274363 0.204803 0.172413 0.149564 0.010585 0.034424 0.008802 0.017099 0.028364 0.000000 0.002602 0.000000 0.000000 0.000000 0.000019 0.009680 
3.602748 0.044795 0.443456 0.403091 0.065874 0.000000 0.000000 0.000000 0.035211 0.000000 0.000000 0.000000 0.000000 0.000000 0.000000 0.000000 0.000001 0.007573 
3.537444 0.023972 0.345231 0.448736 0.077089 0.003478 0.000000 0.000000 0.011316 0.026112 0.062253 0.000000 0.000000 0.000000 0.000000 0.000000 0.000001 0.001811 
3.480545 0.120024 0.421816 0.281408 0.113291 0.042304 0.000000 0.000000 0.007939 0.000000 0.000518 0.000000 0.000000 0.000000 0.000000 0.000000 0.000007 0.012692 
3.425860 0.100857 0.397397 0.206410 0.205151 0.058292 0.000000 0.015543 0.000000 0.000000 0.006357 0.000000 0.000000 0.000000 0.000000 0.000000 0.000007 0.009986 
3.358617 0.062056 0.217910 0.219494 0.283163 0.099841 0.000000 0.029523 0.003741 0.000000 0.083333 0.000000 0.000000 0.000000 0.000000 0.000000 0.000003 0.000934 
3.308238 0.026742 0.316403 0.444696 0.060329 0.123489 0.000000 0.000000 0.000000 0.000000 0.028338 0.000000 0.000000 0.000000 0.000000 0.000000 0.000004 0.000000 
3.204198 0.029127 0.315609 0.402604 0.047855 0.120114 0.016616 0.018395 0.025484 0.009937 0.000000 0.000000 0.000000 0.000000 0.000000 0.000000 0.000017 0.014243 
3.156135 0.121027 0.446214 0.094096 0.118253 0.170702 0.041204 0.000000 0.000000 0.000000 0.000000 0.000000 0.000000 0.000000 0.000000 0.000000 0.000089 0.008414 
3.108793 0.211375 0.397849 0.088481 0.132166 0.000000 0.120073 0.037522 0.011576 0.000000 0.000000 0.000000 0.000000 0.000000 0.000000 0.000000 0.000026 0.000932 
3.062161 0.154297 0.490217 0.049652 0.157354 0.000000 0.122192 0.017482 0.000000 0.000000 0.000000 0.000000 0.000000 0.000000 0.000000 0.000000 0.000032 0.008773 
2.963275 0.086726 0.621958 0.013848 0.117480 0.012061 0.063124 0.038902 0.042264 0.000000 0.002125 0.000000 0.000000 0.000000 0.000000 0.000000 0.000010 0.001501 
2.918826 0.500825 0.446125 0.043812 0.000000 0.000000 0.000000 0.000000 0.000000 0.000000 0.000000 0.000000 0.000000 0.000000 0.000000 0.000000 0.000007 0.009231 
2.823181 0.443733 0.262508 0.050495 0.030351 0.007748 0.050866 0.074483 0.010265 0.046476 0.000000 0.000000 0.000000 0.000000 0.000000 0.000000 0.000003 0.023071 
2.736438 0.147312 0.508597 0.075816 0.145136 0.019006 0.056129 0.010587 0.022086 0.000000 0.000000 0.000000 0.000000 0.000000 0.000000 0.000000 0.000010 0.015320 
2.670092 0.207201 0.428902 0.058199 0.092325 0.126122 0.052551 0.017567 0.010312 0.000000 0.000000 0.000000 0.000000 0.000000 0.000000 0.000000 0.000046 0.006776 
2.630041 0.316758 0.247994 0.094524 0.153576 0.107980 0.061268 0.006423 0.000000 0.000000 0.000000 0.000000 0.000000 0.000000 0.000000 0.000000 0.000073 0.011403 
2.590590 0.206174 0.303837 0.307690 0.059824 0.000000 0.020219 0.022181 0.000000 0.022480 0.000000 0.000000 0.000000 0.000000 0.000000 0.000000 0.000052 0.057542 
2.551731 0.174960 0.421735 0.311370 0.088234 0.000000 0.000000 0.000000 0.000000 0.000000 0.000000 0.000000 0.000000 0.000000 0.000000 0.000000 0.000006 0.003695 
2.513455 0.157577 0.399612 0.323692 0.000000 0.044457 0.000000 0.000000 0.000000 0.000000 0.000000 0.000000 0.000000 0.000000 0.000000 0.000000 0.000019 0.074644 
2.447502 0.372735 0.313356 0.177064 0.021847 0.045159 0.000000 0.000000 0.000000 0.000000 0.001217 0.000000 0.000000 0.000000 0.000000 0.000000 0.000001 0.068620 
2.410790 0.432145 0.511121 0.056707 0.000000 0.000000 0.000000 0.000000 0.000000 0.000000 0.000000 0.000000 0.000000 0.000000 0.000000 0.000000 0.000010 0.000017 
2.374628 0.349755 0.607709 0.000000 0.033750 0.000000 0.000000 0.008763 0.000000 0.000000 0.000000 0.000000 0.000000 0.000000 0.000000 0.000000 0.000001 0.000022 
2.303535 0.168856 0.447420 0.012206 0.238040 0.064736 0.021240 0.019425 0.000000 0.000000 0.008988 0.000000 0.000000 0.000000 0.000000 0.000000 0.000002 0.019086 
2.268982 0.152099 0.229945 0.152456 0.041513 0.414761 0.000000 0.000000 0.000000 0.000000 0.000000 0.000000 0.000000 0.000000 0.000000 0.000000 0.000017 0.009210 
2.234947 0.321805 0.284371 0.205441 0.124904 0.000000 0.000000 0.000000 0.000000 0.000000 0.000000 0.000000 0.000000 0.000000 0.000000 0.000000 0.000007 0.063472 
2.201423 0.398310 0.362265 0.083885 0.000000 0.000000 0.000000 0.000000 0.000000 0.000000 0.000000 0.000000 0.000000 0.000000 0.000000 0.000000 0.000024 0.155516 
2.168401 0.071190 0.794956 0.000000 0.000000 0.000000 0.000000 0.000000 0.000000 0.000000 0.000000 0.000000 0.000000 0.000000 0.000000 0.000000 0.000006 0.133847 
2.135875 0.180845 0.581322 0.059622 0.021616 0.027360 0.009761 0.000000 0.000000 0.000000 0.000000 0.000000 0.000000 0.000000 0.000000 0.000000 0.000006 0.119468 
2.087748 0.543011 0.250843 0.141938 0.030833 0.000000 0.000000 0.000000 0.000000 0.000000 0.007509 0.000000 0.000000 0.000000 0.000000 0.000000 0.000276 0.025589 
2.056432 0.835033 0.164760 0.000000 0.000000 0.000000 0.000000 0.000000 0.000000 0.000000 0.000000 0.000000 0.000000 0.000000 0.000000 0.000000 0.000196 0.000010 
2.025585 0.591872 0.291484 0.051083 0.051921 0.000000 0.000000 0.000000 0.000000 0.000000 0.000000 0.000000 0.000000 0.000000 0.000000 0.000000 0.000062 0.013578 
1.995201 0.608310 0.210493 0.000000 0.174774 0.000000 0.000000 0.000000 0.000000 0.000000 0.000000 0.000000 0.000000 0.000000 0.000000 0.000000 0.000021 0.006403 
1.965273 0.629507 0.247127 0.000000 0.062939 0.016886 0.014786 0.000000 0.000000 0.000000 0.000000 0.000000 0.000000 0.000000 0.000000 0.000000 0.000268 0.028485 
1.935794 0.472243 0.355692 0.013238 0.082595 0.029650 0.000000 0.000000 0.000000 0.000000 0.000000 0.000000 0.000000 0.000000 0.000000 0.000000 0.000045 0.046537 
1.906757 0.597616 0.401597 0.000000 0.000000 0.000000 0.000000 0.000000 0.000000 0.000000 0.000000 0.000000 0.000000 0.000000 0.000000 0.000000 0.000667 0.000120 
1.878156 0.665415 0.180104 0.130942 0.000000 0.000000 0.000000 0.000000 0.000000 0.000000 0.000000 0.000000 0.000000 0.000000 0.000000 0.000000 0.000017 0.023523 
1.849984 0.577374 0.070033 0.141367 0.000000 0.112881 0.000000 0.000000 0.023618 0.000000 0.000000 0.000000 0.000000 0.000000 0.000000 0.000000 0.000429 0.074298 
1.822234 0.609056 0.331908 0.000000 0.000000 0.000000 0.000000 0.000000 0.000000 0.000000 0.000000 0.000000 0.000000 0.000000 0.000000 0.000000 0.000000 0.059036 
1.794900 0.402693 0.467230 0.068721 0.000000 0.036210 0.000000 0.000000 0.000000 0.000000 0.000000 0.000000 0.000000 0.000000 0.000000 0.000000 0.000069 0.025077 
1.767977 0.785201 0.139897 0.000000 0.000000 0.000000 0.000000 0.000000 0.000000 0.000000 0.000000 0.000000 0.000000 0.000000 0.000000 0.000000 0.000032 0.074870 
1.741457 0.830724 0.106946 0.005573 0.000000 0.007552 0.000000 0.000000 0.000000 0.000000 0.000000 0.000000 0.000000 0.000000 0.000000 0.000000 0.000133 0.049072 
1.715335 0.999981 0.000000 0.000000 0.000000 0.000000 0.000000 0.000000 0.000000 0.000000 0.000000 0.000000 0.000000 0.000000 0.000000 0.000000 0.000010 0.000009 
1.689605 0.966939 0.007218 0.002275 0.000000 0.008466 0.000000 0.000000 0.014813 0.000000 0.000000 0.000000 0.000000 0.000000 0.000000 0.000000 0.000222 0.000067 
1.664261 0.786283 0.043328 0.010381 0.000000 0.155687 0.000000 0.000000 0.000000 0.000000 0.000000 0.000000 0.000000 0.000000 0.000000 0.000000 0.000167 0.004153 
1.639297 0.459685 0.141330 0.356565 0.000000 0.000000 0.000000 0.000000 0.000000 0.000000 0.000000 0.000000 0.000000 0.000000 0.000000 0.000000 0.000003 0.042417 
1.614708 0.357654 0.197819 0.348700 0.002676 0.047504 0.000000 0.000000 0.000000 0.000000 0.000000 0.000000 0.000000 0.000000 0.000000 0.000000 0.000458 0.045189 
1.590487 0.739850 0.186803 0.000000 0.000000 0.000000 0.067292 0.000000 0.000000 0.000000 0.000000 0.000000 0.000000 0.000000 0.000000 0.000000 0.001157 0.004899 
1.566630 0.567302 0.432685 0.000000 0.000000 0.000000 0.000000 0.000000 0.000000 0.000000 0.000000 0.000000 0.000000 0.000000 0.000000 0.000000 0.000002 0.000011 
1.543130 0.564350 0.352497 0.000000 0.000000 0.000000 0.000000 0.000657 0.000000 0.000000 0.000000 0.000000 0.000000 0.000000 0.000000 0.000000 0.000340 0.082156 
1.519984 0.714127 0.061358 0.014857 0.008487 0.000000 0.000000 0.000000 0.000000 0.000000 0.000000 0.000000 0.000000 0.000000 0.000000 0.000000 0.000092 0.201080 
1.497184 0.921654 0.070549 0.000000 0.000000 0.000000 0.000000 0.000000 0.000000 0.000000 0.000000 0.000000 0.000000 0.000000 0.000000 0.000000 0.000286 0.007511 
1.474726 0.978926 0.000000 0.000000 0.000000 0.000000 0.000000 0.000000 0.000000 0.000000 0.000000 0.000000 0.000000 0.000000 0.000000 0.000000 0.000001 0.021073 
1.452605 0.949479 0.000000 0.000000 0.000000 0.009664 0.000000 0.000000 0.000000 0.000000 0.000000 0.000000 0.000000 0.000000 0.000000 0.000000 0.000008 0.040849 
1.430816 0.992907 0.000000 0.000000 0.000000 0.000000 0.000000 0.000000 0.000000 0.000000 0.000000 0.000000 0.000000 0.000000 0.000000 0.000000 0.000007 0.007086 
1.409354 0.936089 0.002839 0.049758 0.000000 0.000000 0.000000 0.000000 0.000000 0.000000 0.000000 0.000000 0.000000 0.000000 0.000000 0.000000 0.000111 0.011204 
1.388213 0.695803 0.000000 0.000000 0.000000 0.000000 0.000000 0.000000 0.000000 0.000000 0.000000 0.000000 0.000000 0.000000 0.000000 0.000000 0.000010 0.304186 
1.367390 0.567202 0.002844 0.000000 0.000000 0.000000 0.000000 0.000000 0.000000 0.000000 0.000000 0.000000 0.000000 0.000000 0.000000 0.000000 0.000013 0.429941 
1.346879 0.799415 0.040829 0.013223 0.000000 0.000000 0.000000 0.000000 0.000000 0.000000 0.000000 0.000000 0.000000 0.000000 0.000000 0.000000 0.000050 0.146483 
1.326676 0.833138 0.116596 0.028625 0.000000 0.000000 0.000000 0.000000 0.000000 0.000000 0.000000 0.000000 0.000000 0.000000 0.000000 0.000000 0.000011 0.021629 
1.306776 0.942086 0.000000 0.001355 0.000000 0.000000 0.000000 0.000000 0.000000 0.000000 0.000000 0.000000 0.000000 0.000000 0.000000 0.000000 0.000105 0.056454 
1.287174 0.845062 0.000000 0.000000 0.000000 0.000000 0.028403 0.000000 0.000000 0.000000 0.000000 0.000000 0.000000 0.000000 0.000000 0.000000 0.000032 0.126504 
1.267867 0.583579 0.241641 0.000000 0.000000 0.000000 0.000000 0.000000 0.000000 0.000000 0.000000 0.000000 0.000000 0.000000 0.000000 0.000000 0.000043 0.174737 
1.248849 0.273685 0.455793 0.066596 0.000000 0.000000 0.000000 0.000000 0.000000 0.000000 0.000000 0.000000 0.000000 0.000000 0.000000 0.000000 0.000264 0.203662 
1.230116 0.914931 0.000000 0.000000 0.000000 0.000000 0.000000 0.000000 0.000000 0.000000 0.000000 0.000000 0.000000 0.000000 0.000000 0.000000 0.000014 0.085055 
1.211664 0.852570 0.007024 0.000000 0.000000 0.024623 0.000000 0.000000 0.000000 0.012598 0.000000 0.000000 0.000000 0.000000 0.000000 0.000000 0.000017 0.103168 
1.193489 0.730169 0.107469 0.000000 0.000000 0.064420 0.000000 0.000000 0.000000 0.000000 0.000000 0.000000 0.000000 0.000000 0.000000 0.000000 0.000113 0.097829 
1.175587 0.811413 0.062628 0.000000 0.000000 0.002338 0.058585 0.000000 0.000000 0.000000 0.000000 0.000000 0.000000 0.000000 0.000000 0.000000 0.000032 0.065003 
1.157953 0.817093 0.076325 0.079408 0.000000 0.000000 0.000000 0.000000 0.000000 0.000000 0.000000 0.000000 0.000000 0.000000 0.000000 0.000000 0.000010 0.027163 
1.140584 0.766381 0.000000 0.000000 0.000000 0.000000 0.000000 0.000000 0.000000 0.000000 0.000000 0.000000 0.000000 0.000000 0.000000 0.000000 0.000055 0.233564 
1.123475 0.555080 0.000000 0.000000 0.000000 0.000000 0.000000 0.000000 0.000000 0.000000 0.000000 0.000000 0.000000 0.000000 0.000000 0.000000 0.000053 0.444866 
1.106623 0.817698 0.016320 0.000000 0.000000 0.000000 0.000000 0.000000 0.000000 0.000000 0.000000 0.000000 0.000000 0.000000 0.000000 0.000000 0.000029 0.165952 
1.090024 0.631586 0.129479 0.000000 0.000000 0.000000 0.000000 0.000000 0.000000 0.000000 0.000000 0.000000 0.000000 0.000000 0.000000 0.000000 0.000080 0.238855 
1.073673 0.877727 0.080004 0.000000 0.000000 0.000000 0.000000 0.000000 0.000000 0.000000 0.000000 0.000000 0.000000 0.000000 0.000000 0.000000 0.000265 0.042004 
