402168.324169 0.030603 0.036666 0.038316 0.046558 0.044847 0.065541 0.048085 0.061560 0.088874 0.082669 0.065404 0.101430 0.071418 0.076292 0.081739 0.030000 0.030000 
341843.075544 0.030316 0.035101 0.040402 0.040320 0.050870 0.065948 0.050364 0.053914 0.056392 0.070474 0.100067 0.073756 0.075228 0.084402 0.112446 0.030000 0.030000 
290566.614212 0.030572 0.032843 0.043107 0.050476 0.048548 0.057743 0.069211 0.069230 0.056284 0.050285 0.068875 0.068151 0.146265 0.062470 0.085939 0.030000 0.030000 
246981.622080 0.030427 0.046110 0.054850 0.046859 0.053332 0.056861 0.079911 0.073704 0.073107 0.068020 0.058236 0.079698 0.082808 0.086100 0.049978 0.030000 0.030000 
209934.378768 0.030348 0.036525 0.040163 0.054720 0.052938 0.061576 0.066619 0.050993 0.063449 0.058425 0.080988 0.105383 0.085504 0.058939 0.093430 0.030000 0.030000 
178444.221953 0.030545 0.043353 0.058816 0.048109 0.067164 0.072924 0.059822 0.084848 0.069262 0.062094 0.033333 0.108569 0.073710 0.041734 0.085717 0.030000 0.030000 
151677.588660 0.030597 0.033958 0.036570 0.047919 0.054559 0.054980 0.056003 0.060303 0.085463 0.068811 0.084399 0.078930 0.070709 0.076490 0.100309 0.030000 0.030000 
128925.950361 0.031496 0.046903 0.046403 0.032631 0.047707 0.063593 0.063661 0.085044 0.061280 0.067475 0.076451 0.061892 0.088287 0.051452 0.115725 0.030000 0.030000 
109587.057807 0.030657 0.037061 0.041631 0.051473 0.057021 0.062400 0.052534 0.069032 0.069451 0.068515 0.068540 0.064466 0.074502 0.105521 0.087197 0.030000 0.030000 
93148.999136 0.030326 0.036479 0.049201 0.050658 0.044192 0.077033 0.068412 0.068305 0.077691 0.030000 0.065647 0.104660 0.094472 0.068910 0.074014 0.030000 0.030000 
79176.649266 0.030935 0.037272 0.040384 0.044593 0.054588 0.053694 0.068574 0.076662 0.065864 0.077347 0.054286 0.083934 0.077258 0.089078 0.085531 0.030000 0.030000 
67300.151876 0.030888 0.036331 0.042728 0.046818 0.051614 0.057941 0.075573 0.056450 0.067397 0.074423 0.065183 0.073328 0.080165 0.090468 0.090693 0.030000 0.030000 
57205.129094 0.030000 0.038558 0.044591 0.048115 0.034014 0.064813 0.065716 0.072281 0.062652 0.050632 0.108204 0.084638 0.070015 0.068830 0.096942 0.030000 0.030000 
48624.359730 0.031158 0.036453 0.033858 0.057796 0.049739 0.042978 0.120980 0.068078 0.061252 0.060232 0.069811 0.047475 0.071840 0.085030 0.103322 0.030000 0.030000 
41330.705771 0.030576 0.035584 0.039440 0.047450 0.051917 0.049878 0.064398 0.069092 0.047195 0.076164 0.087161 0.099748 0.082288 0.075941 0.083169 0.030000 0.030000 
35131.099905 0.030402 0.040255 0.040830 0.040756 0.047100 0.061747 0.038100 0.053158 0.071609 0.077301 0.081100 0.096409 0.097623 0.078656 0.084953 0.030000 0.030000 
29861.434919 0.030606 0.035833 0.050083 0.047393 0.030000 0.041170 0.055985 0.065019 0.030000 0.086805 0.062338 0.090359 0.077091 0.144330 0.092990 0.030000 0.030000 
25382.219681 0.030164 0.038558 0.053030 0.052826 0.051969 0.038702 0.068233 0.078037 0.069050 0.064903 0.111240 0.049204 0.076254 0.098568 0.059263 0.030000 0.030000 
21574.886729 0.031237 0.033987 0.041196 0.048494 0.065115 0.062126 0.052529 0.054374 0.070819 0.085720 0.069525 0.067615 0.069251 0.093959 0.094055 0.030000 0.030000 
18338.653720 0.030596 0.035966 0.043322 0.050372 0.051013 0.077982 0.068034 0.079996 0.079398 0.059072 0.079646 0.085641 0.063922 0.069071 0.065969 0.030000 0.030000 
15587.855662 0.030810 0.035572 0.035492 0.056047 0.059081 0.060033 0.065553 0.103836 0.046304 0.053471 0.044225 0.093971 0.074131 0.072253 0.109221 0.030000 0.030000 
13249.677313 0.030857 0.043241 0.049425 0.054223 0.081095 0.045667 0.056800 0.076646 0.032186 0.110543 0.055822 0.080117 0.089178 0.079894 0.054305 0.030000 0.030000 
11262.225716 0.030474 0.034311 0.045636 0.044934 0.054693 0.055025 0.065887 0.058675 0.065128 0.061053 0.098561 0.080004 0.083605 0.080469 0.081544 0.030000 0.030000 
9572.891858 0.030395 0.036035 0.041203 0.045416 0.047014 0.054440 0.052521 0.082400 0.077442 0.064464 0.077695 0.077619 0.077898 0.090275 0.085183 0.030000 0.030000 
8136.958080 0.030468 0.036584 0.052217 0.038927 0.042532 0.040589 0.076800 0.054455 0.064643 0.066535 0.104616 0.072487 0.071164 0.078028 0.109954 0.030000 0.030000 
6916.414368 0.030541 0.034401 0.030000 0.044032 0.058289 0.061815 0.067503 0.077611 0.099948 0.051007 0.049555 0.046541 0.089115 0.119233 0.080410 0.030000 0.030000 
5878.952212 0.030601 0.039050 0.037906 0.053663 0.054946 0.050683 0.059142 0.076582 0.079166 0.063275 0.079970 0.085354 0.067542 0.077370 0.084750 0.030000 0.030000 
4997.109381 0.030822 0.039539 0.050755 0.048365 0.054178 0.053092 0.073329 0.062358 0.064511 0.085210 0.087221 0.072374 0.077151 0.068679 0.072416 0.030000 0.030000 
4247.542974 0.031107 0.039746 0.044749 0.053908 0.053441 0.066114 0.062777 0.071820 0.073289 0.071541 0.067408 0.073116 0.080045 0.071601 0.079338 0.030000 0.030000 
3610.411527 0.030798 0.037311 0.050918 0.044988 0.060706 0.084568 0.061366 0.064521 0.071448 0.059528 0.051945 0.065216 0.125258 0.061006 0.070423 0.030000 0.030000 
3068.849798 0.030598 0.042305 0.043385 0.053787 0.038785 0.057657 0.054495 0.079838 0.042001 0.084014 0.079983 0.070471 0.084345 0.079162 0.099174 0.030000 0.030000 
2608.522329 0.031053 0.036700 0.039000 0.051553 0.056076 0.079889 0.047245 0.071434 0.075901 0.065981 0.083163 0.097345 0.068489 0.048291 0.087879 0.030000 0.030000 
2217.243979 0.030983 0.043601 0.042985 0.037658 0.046705 0.059998 0.043643 0.057073 0.073386 0.070668 0.071057 0.085803 0.079418 0.084738 0.112282 0.030000 0.030000 
1884.657382 0.030514 0.038843 0.043357 0.048432 0.056460 0.064653 0.056783 0.067759 0.074114 0.090501 0.068311 0.063562 0.068975 0.086689 0.081047 0.030001 0.030000 
1601.958775 0.031043 0.030782 0.037007 0.031591 0.054137 0.070914 0.134281 0.058195 0.099200 0.059379 0.058368 0.041538 0.068709 0.035020 0.129836 0.030000 0.030000 
1361.664959 0.031460 0.038052 0.048995 0.052377 0.073367 0.063765 0.081502 0.073495 0.051598 0.048964 0.090528 0.048043 0.041884 0.112815 0.083155 0.030000 0.030000 
1157.415215 0.030657 0.034767 0.041674 0.073534 0.053676 0.045850 0.071452 0.078602 0.070949 0.097289 0.075208 0.078752 0.070512 0.055013 0.062064 0.030000 0.030001 
983.802933 0.030998 0.035913 0.046861 0.052983 0.056682 0.058661 0.054229 0.071022 0.063596 0.056962 0.082799 0.070786 0.101087 0.060503 0.096918 0.030000 0.030001 
836.232493 0.030866 0.038558 0.046457 0.047133 0.061428 0.064625 0.054127 0.061937 0.091007 0.071297 0.069755 0.083889 0.072187 0.073467 0.073265 0.030000 0.030000 
710.797619 0.030763 0.053802 0.049495 0.053422 0.043441 0.072843 0.037186 0.062937 0.100117 0.065451 0.044320 0.065520 0.090320 0.083909 0.086475 0.030000 0.030000 
604.177976 0.031245 0.037052 0.042930 0.050003 0.049444 0.058085 0.092038 0.078426 0.093012 0.068069 0.059218 0.075754 0.076536 0.059398 0.068790 0.030000 0.030000 
513.551280 0.032582 0.038661 0.068727 0.036556 0.071475 0.096345 0.083399 0.069518 0.060337 0.087284 0.051454 0.077240 0.037383 0.057508 0.071532 0.030000 0.030000 
436.518588 0.032141 0.030000 0.051915 0.043022 0.072131 0.076330 0.076660 0.101986 0.074672 0.044581 0.083483 0.081052 0.059229 0.047596 0.065201 0.030000 0.030000 
371.040800 0.031608 0.044999 0.039245 0.053877 0.061111 0.053525 0.055187 0.062726 0.068546 0.098085 0.071334 0.084589 0.067796 0.070199 0.077173 0.030000 0.030000 
316.177296 0.030000 0.036116 0.071306 0.101941 0.060192 0.041236 0.092188 0.046223 0.054965 0.062193 0.044992 0.058831 0.061869 0.101422 0.076526 0.030000 0.030000 
268.750702 0.030899 0.043883 0.048828 0.059398 0.054667 0.066485 0.086082 0.062637 0.049589 0.074614 0.060770 0.077719 0.059728 0.070864 0.093837 0.030000 0.030000 
235.751138 0.032164 0.043447 0.070971 0.097226 0.072163 0.074713 0.046621 0.068605 0.044826 0.071579 0.063527 0.077343 0.035383 0.064590 0.076843 0.030000 0.030000 
200.388467 0.032507 0.044849 0.056883 0.054562 0.099681 0.080698 0.053836 0.067576 0.092794 0.032093 0.073243 0.062250 0.111436 0.043944 0.033649 0.030000 0.030000 
170.330197 0.032794 0.047625 0.042901 0.045908 0.063177 0.105515 0.070930 0.034361 0.107275 0.030000 0.099213 0.049009 0.069105 0.112186 0.030000 0.030000 0.030000 
144.780668 0.032981 0.038358 0.082449 0.084393 0.064541 0.091936 0.065463 0.054365 0.071348 0.053333 0.053337 0.052091 0.059383 0.068864 0.067151 0.030000 0.030005 
123.063568 0.031823 0.073454 0.047963 0.091651 0.058242 0.056943 0.056927 0.056570 0.069111 0.070158 0.120240 0.083031 0.051017 0.030000 0.042871 0.030000 0.030000 
104.604032 0.031928 0.042928 0.046322 0.063610 0.056724 0.075703 0.058592 0.078323 0.108908 0.079216 0.068474 0.033904 0.054127 0.087670 0.053571 0.030000 0.030000 
88.913428 0.033873 0.050815 0.060097 0.033019 0.078121 0.064554 0.097664 0.101185 0.060345 0.043903 0.044331 0.097593 0.044882 0.054267 0.075352 0.030000 0.030000 
75.576413 0.031889 0.039760 0.071844 0.062763 0.074221 0.076855 0.084647 0.051155 0.082628 0.069467 0.045006 0.068844 0.040794 0.051279 0.083381 0.034510 0.030959 
67.943630 0.031123 0.046889 0.063630 0.049791 0.070432 0.038593 0.070765 0.071273 0.030196 0.085402 0.078476 0.090626 0.030000 0.143992 0.038762 0.030051 0.030000 
57.895327 0.032621 0.064706 0.071109 0.078752 0.067918 0.090997 0.067924 0.056805 0.058533 0.083974 0.067836 0.048220 0.066202 0.051114 0.030000 0.030590 0.032698 
50.965628 0.032768 0.057806 0.070609 0.060194 0.082654 0.056966 0.131009 0.050899 0.079740 0.065429 0.040124 0.055449 0.041016 0.085338 0.030000 0.030000 0.030000 
44.446972 0.033429 0.055303 0.073201 0.091348 0.072130 0.109982 0.066995 0.062569 0.080101 0.084440 0.060323 0.041650 0.030000 0.037991 0.038989 0.031546 0.030000 
39.173891 0.046677 0.053429 0.098286 0.062194 0.071459 0.115788 0.031621 0.076430 0.148277 0.053065 0.030000 0.030000 0.058219 0.030622 0.030000 0.033932 0.030000 
34.781010 0.035025 0.070849 0.085799 0.070446 0.092075 0.059399 0.080004 0.073069 0.066372 0.053487 0.071240 0.047342 0.058545 0.046350 0.030000 0.030000 0.030000 
31.168789 0.036026 0.061049 0.071026 0.120887 0.099000 0.086016 0.057181 0.056266 0.079361 0.043799 0.060134 0.039887 0.038780 0.042582 0.048007 0.030000 0.030000 
27.858955 0.030942 0.085720 0.101261 0.092705 0.111146 0.094991 0.105276 0.047368 0.056059 0.030000 0.030000 0.057077 0.037456 0.030000 0.030000 0.030000 0.030000 
25.383878 0.034353 0.061699 0.096648 0.094559 0.100214 0.073669 0.080554 0.063916 0.064202 0.046610 0.079723 0.038903 0.033418 0.030000 0.041531 0.030000 0.030000 
22.871964 0.038018 0.072906 0.084647 0.089527 0.068366 0.068124 0.096177 0.083995 0.062757 0.068388 0.034574 0.052130 0.030000 0.043682 0.030000 0.044651 0.032059 
363197.277229 0.030745 0.035034 0.039866 0.046580 0.048825 0.062479 0.081645 0.057689 0.057678 0.074165 0.083689 0.082102 0.080131 0.094927 0.064444 0.030000 0.030000 
308717.685644 0.030820 0.056069 0.030000 0.051731 0.038316 0.064542 0.040876 0.088801 0.050385 0.063221 0.102457 0.084141 0.030000 0.081040 0.127602 0.030000 0.030000 
262410.032798 0.030231 0.034658 0.037619 0.055718 0.045181 0.045584 0.030000 0.058114 0.077655 0.075345 0.060962 0.121421 0.053255 0.110263 0.103995 0.030000 0.030000 
223048.527878 0.030724 0.036231 0.039917 0.047223 0.049156 0.064717 0.052594 0.063784 0.066707 0.095666 0.073981 0.070812 0.057421 0.080443 0.110625 0.030000 0.030000 
189591.248696 0.030824 0.030980 0.054633 0.043052 0.043035 0.073808 0.061082 0.057003 0.077382 0.071133 0.078123 0.050031 0.072237 0.111191 0.085485 0.030000 0.030000 
161152.561392 0.031391 0.035890 0.048155 0.049284 0.030000 0.073540 0.088325 0.087936 0.048727 0.044348 0.081836 0.070136 0.081042 0.095449 0.073940 0.030000 0.030000 
136979.677183 0.030539 0.038147 0.041522 0.043247 0.046764 0.053497 0.062877 0.066538 0.061099 0.077844 0.071244 0.090046 0.082146 0.078877 0.095614 0.030000 0.030000 
116432.725606 0.030082 0.039105 0.040384 0.047951 0.057086 0.072092 0.045392 0.056910 0.055917 0.066144 0.067498 0.086787 0.073376 0.102394 0.098881 0.030000 0.030000 
98967.816765 0.030453 0.038742 0.040615 0.042940 0.049372 0.055216 0.067900 0.061328 0.079913 0.080669 0.079280 0.082556 0.056548 0.074662 0.099805 0.030000 0.030000 
84122.644250 0.030061 0.042987 0.049319 0.054019 0.060838 0.056820 0.077458 0.063209 0.075431 0.064731 0.064755 0.099049 0.057253 0.083756 0.060315 0.030000 0.030000 
71504.247613 0.030850 0.033424 0.031228 0.046683 0.068999 0.068886 0.093134 0.052970 0.067503 0.065106 0.050626 0.061618 0.065656 0.147658 0.055660 0.030000 0.030000 
60778.610471 0.030474 0.035941 0.035457 0.045750 0.050571 0.080485 0.064764 0.059388 0.075751 0.070068 0.068596 0.085384 0.081433 0.064517 0.091421 0.030000 0.030000 
51661.818900 0.030738 0.038914 0.039482 0.036864 0.030000 0.042709 0.070341 0.045298 0.066747 0.074719 0.111649 0.071404 0.139464 0.080907 0.060763 0.030000 0.030000 
43912.546065 0.030819 0.036542 0.042131 0.051519 0.046738 0.066011 0.072102 0.058432 0.068016 0.072670 0.071829 0.079309 0.078589 0.103320 0.061974 0.030000 0.030000 
37325.664155 0.030253 0.030000 0.030000 0.049382 0.030000 0.048902 0.058216 0.036479 0.079852 0.091299 0.124171 0.065501 0.060483 0.095976 0.109485 0.030000 0.030000 
31726.814532 0.030477 0.041544 0.042014 0.062246 0.052879 0.061797 0.061424 0.068485 0.063833 0.062665 0.075471 0.088407 0.068594 0.079932 0.080231 0.030000 0.030000 
26967.792352 0.030578 0.035747 0.051355 0.040820 0.048443 0.045743 0.066157 0.044931 0.079965 0.080848 0.051587 0.111503 0.065000 0.118005 0.069316 0.030000 0.030000 
22922.623499 0.030198 0.039407 0.042573 0.050373 0.037254 0.079042 0.072243 0.034858 0.098174 0.063739 0.076674 0.064611 0.110770 0.061914 0.078170 0.030000 0.030000 
19484.229974 0.030440 0.031332 0.047231 0.044249 0.064023 0.060221 0.053098 0.046594 0.064146 0.068606 0.086504 0.072237 0.073008 0.112838 0.085473 0.030000 0.030000 
16561.595478 0.030926 0.032615 0.047436 0.047789 0.050112 0.063883 0.065009 0.067239 0.052454 0.055360 0.098290 0.092940 0.073143 0.085314 0.077490 0.030000 0.030000 
14077.356157 0.030382 0.033569 0.036335 0.031771 0.061619 0.067715 0.057965 0.084514 0.064529 0.074462 0.082520 0.062736 0.079656 0.097651 0.074576 0.030000 0.030000 
11965.752733 0.030965 0.034213 0.044086 0.050557 0.055422 0.063452 0.058850 0.066189 0.090941 0.096821 0.081518 0.054652 0.074158 0.061678 0.076497 0.030001 0.030000 
10170.889823 0.030775 0.035838 0.043632 0.046693 0.056369 0.052680 0.067480 0.062160 0.072951 0.090900 0.039069 0.092822 0.070848 0.081129 0.096652 0.030000 0.030000 
8645.256350 0.030969 0.036707 0.046503 0.048837 0.053443 0.046954 0.051158 0.067300 0.064216 0.082960 0.087912 0.062560 0.106358 0.088012 0.066109 0.030000 0.030000 
7348.467897 0.030410 0.032970 0.036797 0.046804 0.044398 0.075746 0.056825 0.064968 0.076441 0.067136 0.064980 0.080208 0.081319 0.091217 0.089780 0.030000 0.030000 
6246.197713 0.030644 0.035687 0.044521 0.047301 0.059879 0.058763 0.066009 0.071127 0.069575 0.055858 0.067284 0.082029 0.080929 0.073258 0.097136 0.030000 0.030000 
5309.268056 0.031129 0.040038 0.051086 0.035622 0.067511 0.049505 0.076728 0.067480 0.065032 0.074765 0.093466 0.045040 0.072851 0.057851 0.111895 0.030000 0.030000 
4512.877847 0.031164 0.042611 0.032673 0.052568 0.044065 0.075857 0.044361 0.071835 0.088712 0.067605 0.068740 0.100819 0.080109 0.069357 0.069517 0.030006 0.030000 
3835.946170 0.030753 0.032666 0.050111 0.047129 0.064404 0.041543 0.066132 0.065528 0.056155 0.044403 0.084048 0.086496 0.094961 0.109476 0.066194 0.030000 0.030000 
3260.554245 0.032342 0.036502 0.036604 0.038623 0.048985 0.030000 0.049637 0.069622 0.100510 0.063943 0.086951 0.074587 0.102256 0.100162 0.069275 0.030000 0.030000 
2771.471108 0.030668 0.041199 0.030000 0.059879 0.036440 0.053377 0.069227 0.072419 0.080690 0.047924 0.124618 0.072932 0.072756 0.044632 0.103238 0.030001 0.030000 
2355.750442 0.030502 0.041333 0.042447 0.055028 0.030000 0.048308 0.048885 0.046918 0.057869 0.065100 0.080162 0.085398 0.084899 0.141025 0.082126 0.030000 0.030000 
2002.387876 0.031488 0.034222 0.050403 0.033522 0.070909 0.067711 0.099419 0.053894 0.080583 0.053880 0.049102 0.109601 0.041722 0.064993 0.098549 0.030000 0.030000 
1702.029694 0.031336 0.044141 0.053631 0.078908 0.042063 0.094180 0.083232 0.043764 0.041133 0.030000 0.141737 0.072261 0.085749 0.044189 0.053675 0.030000 0.030000 
1446.725240 0.030901 0.037027 0.040502 0.051514 0.064440 0.052048 0.054092 0.072751 0.064629 0.089258 0.073329 0.072516 0.067431 0.078264 0.091298 0.030000 0.030000 
1229.716454 0.030422 0.034357 0.037859 0.057852 0.040949 0.056168 0.079049 0.059494 0.177433 0.050139 0.070516 0.064298 0.038964 0.076134 0.066366 0.030000 0.030000 
1045.258986 0.031204 0.040367 0.048237 0.040713 0.060355 0.075708 0.054427 0.072645 0.075223 0.080643 0.086671 0.070516 0.050443 0.096556 0.056290 0.030000 0.030001 
888.470138 0.031034 0.043984 0.052250 0.049618 0.040421 0.054521 0.093221 0.088301 0.062358 0.065543 0.106529 0.060318 0.033971 0.040242 0.117688 0.030000 0.030000 
755.199617 0.030311 0.034917 0.047164 0.052781 0.059217 0.069758 0.061324 0.075659 0.145579 0.077881 0.043580 0.104066 0.050516 0.030902 0.056345 0.030000 0.030000 
641.919675 0.031218 0.042797 0.051038 0.057769 0.070560 0.064810 0.059286 0.048287 0.068017 0.071703 0.062655 0.068488 0.079356 0.058169 0.105846 0.030000 0.030000 
545.631724 0.031578 0.047065 0.044468 0.048010 0.061006 0.064882 0.070402 0.095243 0.074459 0.055599 0.079989 0.069035 0.069743 0.074499 0.054021 0.030000 0.030000 
463.786965 0.031174 0.043143 0.053283 0.053688 0.063361 0.055837 0.082377 0.075718 0.089015 0.080394 0.060164 0.067939 0.043384 0.075584 0.064939 0.030000 0.030000 
394.218920 0.031503 0.037636 0.048590 0.053552 0.055900 0.061449 0.070744 0.073500 0.067982 0.070939 0.072657 0.068256 0.084594 0.069350 0.073349 0.030000 0.030000 
337.533678 0.030393 0.040448 0.031729 0.032021 0.072344 0.052950 0.095994 0.109306 0.049049 0.071018 0.075804 0.047338 0.085077 0.067336 0.079193 0.030000 0.030000 
286.903626 0.031505 0.046298 0.058428 0.060580 0.048518 0.071108 0.091952 0.085201 0.033132 0.103274 0.076108 0.034044 0.061828 0.094415 0.043608 0.030000 0.030000 
243.868082 0.031097 0.040780 0.045929 0.044699 0.055862 0.051245 0.070093 0.088949 0.049939 0.076477 0.087180 0.071265 0.101967 0.073107 0.051410 0.030000 0.030000 
207.287870 0.031828 0.038673 0.069662 0.057464 0.057971 0.086319 0.063598 0.084235 0.074290 0.065189 0.051938 0.046466 0.047683 0.106943 0.057741 0.030000 0.030000 
176.194690 0.031955 0.043336 0.061031 0.037217 0.096753 0.086359 0.073951 0.056566 0.056960 0.062731 0.105106 0.065788 0.040155 0.047770 0.074315 0.030000 0.030006 
154.828727 0.032151 0.044811 0.068392 0.052527 0.068483 0.058807 0.064783 0.077152 0.075358 0.071945 0.067350 0.056269 0.053409 0.081434 0.067118 0.030011 0.030000 
131.604418 0.030999 0.050226 0.070241 0.065514 0.068286 0.062045 0.082622 0.074694 0.064096 0.052953 0.062200 0.050458 0.105033 0.050002 0.050588 0.030000 0.030043 
111.863755 0.033028 0.062172 0.084123 0.074756 0.055672 0.073408 0.034389 0.066087 0.054853 0.149454 0.042365 0.119692 0.030000 0.030000 0.030000 0.030000 0.030000 
95.084192 0.032658 0.050443 0.068845 0.045422 0.059274 0.066627 0.087608 0.099763 0.045182 0.063455 0.091354 0.043209 0.030000 0.046067 0.109879 0.030000 0.030215 
80.821563 0.031463 0.044655 0.058769 0.104956 0.032355 0.064283 0.076672 0.084501 0.078372 0.043469 0.106227 0.095312 0.030000 0.058967 0.030000 0.030000 0.030000 
69.884353 0.033442 0.049000 0.073722 0.070400 0.057783 0.063430 0.059235 0.080495 0.051310 0.060233 0.055303 0.064026 0.079429 0.053809 0.088285 0.030098 0.030000 
61.533722 0.030000 0.030000 0.252375 0.034853 0.127341 0.044070 0.044781 0.030000 0.030000 0.030000 0.030000 0.045181 0.030000 0.115100 0.066299 0.030000 0.030000 
55.134149 0.032660 0.070566 0.084091 0.073656 0.083984 0.093394 0.100123 0.049422 0.035036 0.080041 0.037313 0.059141 0.039676 0.056436 0.044462 0.030000 0.030000 
49.018307 0.035579 0.046657 0.101672 0.048525 0.119696 0.078649 0.052633 0.091247 0.077661 0.053381 0.030000 0.064783 0.068696 0.040731 0.030000 0.030000 0.030088 
43.350069 0.033597 0.057113 0.075905 0.093391 0.053248 0.058038 0.079283 0.081033 0.062220 0.037350 0.114752 0.043914 0.069619 0.050537 0.030000 0.030000 0.030000 
38.554663 0.033491 0.067322 0.085356 0.093028 0.090990 0.072968 0.089328 0.080140 0.030000 0.030000 0.058470 0.118908 0.030000 0.030000 0.030000 0.030000 0.030000 
34.991643 0.032187 0.053997 0.100620 0.093581 0.081898 0.082658 0.063976 0.059844 0.086982 0.072004 0.046851 0.039102 0.039531 0.056770 0.030000 0.030000 0.030000 
30.784865 0.037919 0.065398 0.068816 0.065424 0.101418 0.066598 0.077319 0.069912 0.067021 0.084046 0.037655 0.035756 0.061352 0.030000 0.071365 0.030000 0.030000 
27.609608 0.035882 0.062997 0.047331 0.123913 0.093591 0.078320 0.145485 0.030000 0.123511 0.030000 0.030000 0.030000 0.030000 0.030000 0.048970 0.030000 0.030000 
24.822593 0.034809 0.066871 0.064811 0.095993 0.079287 0.099426 0.057810 0.073130 0.048550 0.090267 0.044036 0.034902 0.072871 0.030000 0.030000 0.030000 0.047237 
22.489649 0.034652 0.083712 0.086547 0.102177 0.088572 0.050881 0.083985 0.097404 0.039326 0.071008 0.030000 0.074118 0.037617 0.030000 0.030000 0.030000 0.030000 
20.552911 0.033465 0.090689 0.089457 0.071523 0.105103 0.042040 0.065058 0.086400 0.030000 0.050142 0.109977 0.042254 0.046442 0.030000 0.030000 0.047450 0.030000 
18.671125 0.046752 0.089045 0.088667 0.118113 0.090043 0.063806 0.104085 0.056671 0.054401 0.030000 0.050257 0.030000 0.034268 0.053232 0.030000 0.030009 0.030650 
17.975882 0.039648 0.064934 0.110882 0.073000 0.035770 0.138108 0.086059 0.069258 0.126299 0.030000 0.033294 0.030000 0.030000 0.042736 0.030000 0.030006 0.030007 
15.827868 0.035297 0.082709 0.078108 0.096304 0.111645 0.099026 0.066504 0.036873 0.051888 0.038920 0.051812 0.100372 0.030000 0.030000 0.030000 0.030009 0.030533 
14.538555 0.042359 0.066909 0.073763 0.183979 0.119641 0.106800 0.030019 0.033125 0.103400 0.030000 0.030000 0.030000 0.030000 0.030000 0.030000 0.030000 0.030004 
12.768378 0.059221 0.069886 0.059129 0.084951 0.046615 0.115477 0.030000 0.030000 0.174868 0.047402 0.030000 0.030000 0.030000 0.100500 0.030000 0.030037 0.031915 
12.559141 0.038969 0.067088 0.122568 0.078752 0.144228 0.082574 0.030000 0.094252 0.096256 0.030000 0.030000 0.030000 0.030000 0.032716 0.030000 0.030031 0.032565 
11.446296 0.044343 0.095997 0.092790 0.102350 0.105405 0.089274 0.054968 0.056561 0.071962 0.036897 0.066819 0.030000 0.030000 0.032486 0.030000 0.030022 0.030126 
11.119802 0.039136 0.078506 0.087402 0.090237 0.109131 0.095065 0.060050 0.080312 0.035542 0.088921 0.053390 0.030000 0.030000 0.030000 0.030000 0.030012 0.032295 
10.300330 0.046575 0.097735 0.083433 0.088655 0.122455 0.059320 0.111888 0.052706 0.046315 0.057471 0.039620 0.037151 0.030000 0.030000 0.034482 0.030002 0.032191 
9.712887 0.057739 0.113172 0.101157 0.082900 0.074114 0.092337 0.087750 0.058609 0.061068 0.046391 0.030786 0.041141 0.030000 0.030000 0.032654 0.030021 0.030160 
9.125030 0.055257 0.127567 0.137260 0.037552 0.090827 0.050699 0.048215 0.031996 0.124528 0.079497 0.030000 0.030000 0.030337 0.030000 0.030000 0.030007 0.036259 
8.372539 0.048845 0.090931 0.095689 0.190189 0.058168 0.095068 0.083356 0.030000 0.044690 0.046859 0.030000 0.030000 0.030000 0.030000 0.030000 0.030006 0.036199 
8.246951 0.050853 0.086481 0.094790 0.065353 0.092287 0.030000 0.231565 0.078583 0.030000 0.030000 0.030000 0.030000 0.030000 0.030000 0.030000 0.030064 0.030023 
7.650931 0.058434 0.119537 0.125562 0.093625 0.076966 0.058232 0.061600 0.043219 0.030000 0.030000 0.030000 0.122785 0.030000 0.030000 0.030000 0.030015 0.030024 
7.337524 0.052556 0.074945 0.069561 0.064579 0.092908 0.084824 0.069117 0.071235 0.085081 0.065011 0.030000 0.038249 0.030000 0.080004 0.030000 0.030021 0.031908 
7.121834 0.078952 0.096303 0.085065 0.125581 0.115091 0.055453 0.080294 0.037899 0.064393 0.035678 0.031744 0.030000 0.030000 0.030000 0.032577 0.030009 0.040961 
6.995990 0.045560 0.068894 0.075720 0.098142 0.136021 0.098783 0.040883 0.030000 0.030000 0.034446 0.106056 0.085386 0.030000 0.030000 0.030000 0.030100 0.030009 
6.891050 0.081055 0.083466 0.138474 0.076046 0.058179 0.087701 0.047684 0.032637 0.030000 0.030000 0.033713 0.030000 0.071582 0.030000 0.030000 0.030003 0.109460 
6.787685 0.048703 0.128139 0.075495 0.099150 0.067477 0.057385 0.117231 0.030000 0.107131 0.050962 0.030000 0.030000 0.030000 0.030000 0.030000 0.030012 0.038317 
6.528573 0.089654 0.120319 0.084576 0.121730 0.086075 0.034070 0.048921 0.051908 0.058067 0.059539 0.055949 0.030000 0.030000 0.030000 0.030000 0.030071 0.039120 
6.403453 0.043998 0.082172 0.076489 0.089060 0.090795 0.203520 0.062820 0.061975 0.044414 0.034561 0.030000 0.030000 0.030000 0.030000 0.030000 0.030000 0.030195 
6.130210 0.049572 0.105823 0.128911 0.090512 0.096131 0.060274 0.053725 0.049028 0.048575 0.102131 0.033785 0.030000 0.030000 0.030000 0.030000 0.030017 0.031516 
6.038257 0.092102 0.066466 0.107107 0.203008 0.065683 0.123459 0.032241 0.030000 0.039918 0.030000 0.030000 0.030000 0.030000 0.030000 0.030000 0.030002 0.030014 
5.947683 0.071041 0.157803 0.136605 0.108876 0.098487 0.065530 0.030436 0.044163 0.030000 0.030525 0.030000 0.030000 0.043725 0.030000 0.030000 0.030004 0.032805 
5.858468 0.104274 0.088826 0.157809 0.091455 0.083948 0.050221 0.030000 0.122703 0.030000 0.030000 0.030000 0.030000 0.030000 0.030000 0.030000 0.030694 0.030070 
5.437481 0.073955 0.129730 0.109462 0.151081 0.117052 0.051969 0.030000 0.040858 0.030000 0.030000 0.030000 0.030000 0.030000 0.030000 0.030000 0.030071 0.055821 
5.151552 0.056177 0.111584 0.105124 0.093713 0.073351 0.079759 0.063610 0.031155 0.047779 0.044316 0.104356 0.037874 0.030000 0.030000 0.030000 0.030095 0.031105 
5.067308 0.053826 0.139935 0.114453 0.063469 0.089994 0.051350 0.169899 0.030000 0.030000 0.041931 0.030000 0.030000 0.030000 0.030000 0.030000 0.030003 0.035140 
4.991299 0.050236 0.126486 0.058974 0.180887 0.163553 0.050767 0.045326 0.030000 0.030000 0.030000 0.030000 0.030000 0.030000 0.030000 0.030000 0.030007 0.053763 
4.768206 0.064736 0.094384 0.074712 0.148302 0.052391 0.042460 0.089550 0.143193 0.030000 0.030000 0.030000 0.030000 0.030000 0.030000 0.030000 0.030000 0.050272 
4.585239 0.098845 0.159033 0.081772 0.112392 0.053937 0.080171 0.079772 0.057497 0.030000 0.030000 0.030000 0.030000 0.030000 0.030000 0.030000 0.030039 0.036541 
4.516460 0.093270 0.180497 0.104323 0.080810 0.059368 0.077682 0.069757 0.046627 0.030000 0.030000 0.030000 0.030000 0.030000 0.030000 0.030000 0.030040 0.047627 
4.448713 0.104594 0.138135 0.120812 0.067195 0.105514 0.106568 0.041244 0.030000 0.030000 0.038922 0.030000 0.030000 0.030000 0.030000 0.030000 0.030008 0.037007 
4.381983 0.061185 0.147219 0.125159 0.133512 0.075496 0.056173 0.096938 0.030000 0.030000 0.030000 0.030000 0.030000 0.030000 0.030000 0.030000 0.030007 0.034310 
4.119913 0.051349 0.096021 0.116439 0.086535 0.075902 0.053797 0.052348 0.096372 0.067154 0.061113 0.030000 0.030000 0.030000 0.030000 0.030000 0.030076 0.062893 
4.042379 0.097181 0.084228 0.086350 0.124719 0.095609 0.030000 0.030000 0.130423 0.032717 0.030000 0.074862 0.030000 0.030000 0.030000 0.030000 0.030073 0.033838 
3.981743 0.085740 0.134145 0.105973 0.071689 0.072003 0.115899 0.069391 0.046158 0.030000 0.030000 0.040387 0.030000 0.030000 0.030000 0.030000 0.030019 0.048596 
3.922017 0.061175 0.107564 0.079934 0.152311 0.054115 0.074700 0.115150 0.064304 0.030000 0.030000 0.030000 0.030000 0.030000 0.030000 0.030000 0.030004 0.050744 
3.863187 0.043462 0.126396 0.182370 0.100096 0.101593 0.068991 0.066924 0.030000 0.030000 0.030000 0.030000 0.030000 0.030000 0.030000 0.030000 0.030011 0.040157 
3.737390 0.082463 0.090595 0.079729 0.085961 0.108235 0.049627 0.041964 0.034892 0.055127 0.130317 0.030000 0.057854 0.030000 0.030000 0.030000 0.030113 0.033124 
3.657612 0.086872 0.145139 0.137891 0.101149 0.083670 0.037942 0.059391 0.044529 0.040326 0.039241 0.030000 0.031841 0.030000 0.030000 0.030000 0.030027 0.041984 
3.602748 0.057351 0.216155 0.210491 0.070222 0.030000 0.030000 0.030000 0.077299 0.030000 0.030000 0.030000 0.030000 0.030000 0.030000 0.030000 0.030003 0.038478 
3.537444 0.062861 0.129631 0.153027 0.082838 0.039537 0.030000 0.030000 0.042410 0.065795 0.151910 0.030000 0.030000 0.030000 0.030000 0.030000 0.030004 0.031986 
3.480545 0.132058 0.177455 0.129478 0.092532 0.081190 0.030000 0.030000 0.038057 0.030000 0.030204 0.030000 0.030000 0.030000 0.030000 0.030000 0.030011 0.049015 
3.425860 0.076984 0.144957 0.123721 0.163796 0.071819 0.030000 0.064846 0.030000 0.030000 0.042669 0.030000 0.030000 0.030000 0.030000 0.030000 0.030015 0.041193 
3.358617 0.076421 0.110021 0.110603 0.115360 0.114021 0.030000 0.058395 0.037556 0.030000 0.106505 0.030000 0.030000 0.030000 0.030000 0.030000 0.030009 0.031109 
3.308238 0.058887 0.143929 0.254174 0.062584 0.107814 0.030000 0.030000 0.030000 0.030000 0.042605 0.030000 0.030000 0.030000 0.030000 0.030000 0.030005 0.030001 
3.204198 0.061753 0.142197 0.116627 0.073475 0.084561 0.063966 0.061664 0.076304 0.050312 0.030000 0.030000 0.030000 0.030000 0.030000 0.030000 0.030026 0.059114 
3.156135 0.101085 0.226563 0.063161 0.134184 0.080131 0.057226 0.030000 0.030000 0.030000 0.030000 0.030000 0.030000 0.030000 0.030000 0.030000 0.030236 0.037413 
3.108793 0.130761 0.108477 0.114356 0.088156 0.030000 0.144476 0.060663 0.052073 0.030000 0.030000 0.030000 0.030000 0.030000 0.030000 0.030000 0.030147 0.030889 
3.062161 0.097737 0.218307 0.052605 0.158948 0.030000 0.080067 0.044326 0.030000 0.030000 0.030000 0.030000 0.030000 0.030000 0.030000 0.030000 0.030035 0.047974 
2.963275 0.081602 0.188599 0.043813 0.078004 0.045733 0.082216 0.078865 0.125558 0.030000 0.034004 0.030000 0.030000 0.030000 0.030000 0.030000 0.030015 0.031591 
2.918826 0.273082 0.181573 0.104426 0.030000 0.030000 0.030000 0.030000 0.030000 0.030000 0.030000 0.030000 0.030000 0.030000 0.030000 0.030000 0.030012 0.050907 
2.823181 0.088402 0.083350 0.048364 0.053302 0.040707 0.108105 0.201554 0.038866 0.072819 0.030000 0.030000 0.030000 0.030000 0.030000 0.030000 0.030004 0.054526 
2.736438 0.093035 0.235539 0.105206 0.107251 0.045953 0.046779 0.031894 0.050956 0.030000 0.030000 0.030000 0.030000 0.030000 0.030000 0.030000 0.030013 0.043374 
2.670092 0.137378 0.104090 0.060719 0.077846 0.158387 0.085476 0.057817 0.040497 0.030000 0.030000 0.030000 0.030000 0.030000 0.030000 0.030000 0.030065 0.037725 
2.630041 0.123555 0.157870 0.103732 0.127333 0.062205 0.068038 0.036738 0.030000 0.030000 0.030000 0.030000 0.030000 0.030000 0.030000 0.030000 0.030123 0.050406 
2.590590 0.106792 0.158115 0.155021 0.054308 0.030000 0.047379 0.060981 0.030000 0.065884 0.030000 0.030000 0.030000 0.030000 0.030000 0.030000 0.030082 0.081438 
2.551731 0.116368 0.194358 0.158088 0.138891 0.030000 0.030000 0.030000 0.030000 0.030000 0.030000 0.030000 0.030000 0.030000 0.030000 0.030000 0.030015 0.032280 
2.513455 0.121065 0.133524 0.165102 0.030000 0.096799 0.030000 0.030000 0.030000 0.030000 0.030000 0.030000 0.030000 0.030000 0.030000 0.030000 0.030047 0.123464 
2.447502 0.174087 0.198532 0.099167 0.066852 0.058405 0.030000 0.030000 0.030000 0.030000 0.031882 0.030000 0.030000 0.030000 0.030000 0.030000 0.030003 0.071073 
2.410790 0.259112 0.230728 0.090129 0.030000 0.030000 0.030000 0.030000 0.030000 0.030000 0.030000 0.030000 0.030000 0.030000 0.030000 0.030000 0.030014 0.030016 
2.374628 0.171824 0.207117 0.030000 0.187384 0.030000 0.030000 0.043620 0.030000 0.030000 0.030000 0.030000 0.030000 0.030000 0.030000 0.030000 0.030003 0.030052 
2.303535 0.088984 0.148918 0.052384 0.111597 0.128934 0.065412 0.055446 0.030000 0.030000 0.044985 0.030000 0.030000 0.030000 0.030000 0.030000 0.030004 0.063335 
2.268982 0.132685 0.096531 0.162332 0.052930 0.187507 0.030000 0.030000 0.030000 0.030000 0.030000 0.030000 0.030000 0.030000 0.030000 0.030000 0.030020 0.037995 
2.234947 0.179079 0.161738 0.067389 0.120927 0.030000 0.030000 0.030000 0.030000 0.030000 0.030000 0.030000 0.030000 0.030000 0.030000 0.030000 0.030006 0.110861 
2.201423 0.137400 0.323044 0.073182 0.030000 0.030000 0.030000 0.030000 0.030000 0.030000 0.030000 0.030000 0.030000 0.030000 0.030000 0.030000 0.030027 0.076347 
2.168401 0.114722 0.275976 0.030000 0.030000 0.030000 0.030000 0.030000 0.030000 0.030000 0.030000 0.030000 0.030000 0.030000 0.030000 0.030000 0.030014 0.189288 
2.135875 0.108373 0.140495 0.179069 0.069032 0.085581 0.051151 0.030000 0.030000 0.030000 0.030000 0.030000 0.030000 0.030000 0.030000 0.030000 0.030009 0.066290 
2.087748 0.337511 0.126457 0.067786 0.045743 0.030000 0.030000 0.030000 0.030000 0.030000 0.041137 0.030000 0.030000 0.030000 0.030000 0.030000 0.030391 0.050975 
2.056432 0.323011 0.226568 0.030000 0.030000 0.030000 0.030000 0.030000 0.030000 0.030000 0.030000 0.030000 0.030000 0.030000 0.030000 0.030000 0.030390 0.030031 
2.025585 0.165992 0.125676 0.169378 0.113950 0.030000 0.030000 0.030000 0.030000 0.030000 0.030000 0.030000 0.030000 0.030000 0.030000 0.030000 0.030135 0.064869 
1.995201 0.222181 0.135000 0.030000 0.214052 0.030000 0.030000 0.030000 0.030000 0.030000 0.030000 0.030000 0.030000 0.030000 0.030000 0.030000 0.030098 0.038669 
1.965273 0.223903 0.185650 0.030000 0.050589 0.069589 0.059713 0.030000 0.030000 0.030000 0.030000 0.030000 0.030000 0.030000 0.030000 0.030000 0.030471 0.080086 
1.935794 0.186076 0.162383 0.062170 0.143739 0.054499 0.030000 0.030000 0.030000 0.030000 0.030000 0.030000 0.030000 0.030000 0.030000 0.030000 0.030124 0.061009 
1.906757 0.298854 0.248705 0.030000 0.030000 0.030000 0.030000 0.030000 0.030000 0.030000 0.030000 0.030000 0.030000 0.030000 0.030000 0.030000 0.032302 0.030138 
1.878156 0.142424 0.068282 0.317600 0.030000 0.030000 0.030000 0.030000 0.030000 0.030000 0.030000 0.030000 0.030000 0.030000 0.030000 0.030000 0.030028 0.081666 
1.849984 0.169106 0.064090 0.046289 0.030000 0.254368 0.030000 0.030000 0.070238 0.030000 0.030000 0.030000 0.030000 0.030000 0.030000 0.030000 0.030465 0.065443 
1.822234 0.152447 0.363641 0.030000 0.030000 0.030000 0.030000 0.030000 0.030000 0.030000 0.030000 0.030000 0.030000 0.030000 0.030000 0.030000 0.030001 0.063911 
1.794900 0.211741 0.111252 0.160262 0.030000 0.102250 0.030000 0.030000 0.030000 0.030000 0.030000 0.030000 0.030000 0.030000 0.030000 0.030000 0.030119 0.054376 
1.767977 0.331515 0.110580 0.030000 0.030000 0.030000 0.030000 0.030000 0.030000 0.030000 0.030000 0.030000 0.030000 0.030000 0.030000 0.030000 0.030093 0.137812 
1.741457 0.321945 0.142193 0.048651 0.030000 0.057936 0.030000 0.030000 0.030000 0.030000 0.030000 0.030000 0.030000 0.030000 0.030000 0.030000 0.030520 0.068755 
1.715335 0.519870 0.030000 0.030000 0.030000 0.030000 0.030000 0.030000 0.030000 0.030000 0.030000 0.030000 0.030000 0.030000 0.030000 0.030000 0.030100 0.030029 
1.689605 0.331721 0.076311 0.046684 0.030000 0.081122 0.030000 0.030000 0.102413 0.030000 0.030000 0.030000 0.030000 0.030000 0.030000 0.030000 0.031343 0.030406 
1.664261 0.261259 0.086477 0.047512 0.030000 0.198473 0.030000 0.030000 0.030000 0.030000 0.030000 0.030000 0.030000 0.030000 0.030000 0.030000 0.030399 0.045880 
1.639297 0.115774 0.086800 0.340485 0.030000 0.030000 0.030000 0.030000 0.030000 0.030000 0.030000 0.030000 0.030000 0.030000 0.030000 0.030000 0.030005 0.066936 
1.614708 0.222419 0.161970 0.082393 0.036866 0.098894 0.030000 0.030000 0.030000 0.030000 0.030000 0.030000 0.030000 0.030000 0.030000 0.030000 0.030694 0.066764 
1.590487 0.271896 0.100124 0.030000 0.030000 0.030000 0.200509 0.030000 0.030000 0.030000 0.030000 0.030000 0.030000 0.030000 0.030000 0.030000 0.031954 0.035517 
1.566630 0.219249 0.330711 0.030000 0.030000 0.030000 0.030000 0.030000 0.030000 0.030000 0.030000 0.030000 0.030000 0.030000 0.030000 0.030000 0.030008 0.030031 
1.543130 0.209023 0.109785 0.030000 0.030000 0.030000 0.030000 0.031059 0.030000 0.030000 0.030000 0.030000 0.030000 0.030000 0.030000 0.030000 0.030790 0.259343 
1.519984 0.336427 0.075510 0.072853 0.059378 0.030000 0.030000 0.030000 0.030000 0.030000 0.030000 0.030000 0.030000 0.030000 0.030000 0.030000 0.030170 0.095661 
1.497184 0.362365 0.166747 0.030000 0.030000 0.030000 0.030000 0.030000 0.030000 0.030000 0.030000 0.030000 0.030000 0.030000 0.030000 0.030000 0.031477 0.049411 
1.474726 0.422752 0.030000 0.030000 0.030000 0.030000 0.030000 0.030000 0.030000 0.030000 0.030000 0.030000 0.030000 0.030000 0.030000 0.030000 0.030021 0.127228 
1.452605 0.414549 0.030000 0.030000 0.030000 0.087405 0.030000 0.030000 0.030000 0.030000 0.030000 0.030000 0.030000 0.030000 0.030000 0.030000 0.030050 0.077996 
1.430816 0.497979 0.030000 0.030000 0.030000 0.030000 0.030000 0.030000 0.030000 0.030000 0.030000 0.030000 0.030000 0.030000 0.030000 0.030000 0.030074 0.051947 
1.409354 0.288080 0.047051 0.211917 0.030000 0.030000 0.030000 0.030000 0.030000 0.030000 0.030000 0.030000 0.030000 0.030000 0.030000 0.030000 0.030466 0.062486 
1.388213 0.241961 0.030000 0.030000 0.030000 0.030000 0.030000 0.030000 0.030000 0.030000 0.030000 0.030000 0.030000 0.030000 0.030000 0.030000 0.030047 0.307991 
1.367390 0.346632 0.042047 0.030000 0.030000 0.030000 0.030000 0.030000 0.030000 0.030000 0.030000 0.030000 0.030000 0.030000 0.030000 0.030000 0.030065 0.191255 
1.346879 0.298683 0.112739 0.083591 0.030000 0.030000 0.030000 0.030000 0.030000 0.030000 0.030000 0.030000 0.030000 0.030000 0.030000 0.030000 0.030173 0.114813 
1.326676 0.341003 0.140841 0.076385 0.030000 0.030000 0.030000 0.030000 0.030000 0.030000 0.030000 0.030000 0.030000 0.030000 0.030000 0.030000 0.030051 0.051720 
1.306776 0.363542 0.030000 0.032838 0.030000 0.030000 0.030000 0.030000 0.030000 0.030000 0.030000 0.030000 0.030000 0.030000 0.030000 0.030000 0.030384 0.183236 
1.287174 0.331050 0.030000 0.030000 0.030000 0.030000 0.142426 0.030000 0.030000 0.030000 0.030000 0.030000 0.030000 0.030000 0.030000 0.030000 0.030141 0.106384 
1.267867 0.094437 0.394647 0.030000 0.030000 0.030000 0.030000 0.030000 0.030000 0.030000 0.030000 0.030000 0.030000 0.030000 0.030000 0.030000 0.030065 0.090851 
1.248849 0.243197 0.101950 0.118384 0.030000 0.030000 0.030000 0.030000 0.030000 0.030000 0.030000 0.030000 0.030000 0.030000 0.030000 0.030000 0.030630 0.145840 
1.230116 0.413007 0.030000 0.030000 0.030000 0.030000 0.030000 0.030000 0.030000 0.030000 0.030000 0.030000 0.030000 0.030000 0.030000 0.030000 0.030176 0.136817 
1.211664 0.279834 0.054404 0.030000 0.030000 0.115556 0.030000 0.030000 0.030000 0.084072 0.030000 0.030000 0.030000 0.030000 0.030000 0.030000 0.030096 0.106038 
1.193489 0.233058 0.179434 0.030000 0.030000 0.081786 0.030000 0.030000 0.030000 0.030000 0.030000 0.030000 0.030000 0.030000 0.030000 0.030000 0.030415 0.115307 
1.175587 0.318916 0.056321 0.030000 0.030000 0.033240 0.150154 0.030000 0.030000 0.030000 0.030000 0.030000 0.030000 0.030000 0.030000 0.030000 0.030092 0.081276 
1.157953 0.204116 0.133500 0.217025 0.030000 0.030000 0.030000 0.030000 0.030000 0.030000 0.030000 0.030000 0.030000 0.030000 0.030000 0.030000 0.030035 0.055324 
1.140584 0.158282 0.030000 0.030000 0.030000 0.030000 0.030000 0.030000 0.030000 0.030000 0.030000 0.030000 0.030000 0.030000 0.030000 0.030000 0.030085 0.391633 
1.123475 0.386074 0.030000 0.030000 0.030000 0.030000 0.030000 0.030000 0.030000 0.030000 0.030000 0.030000 0.030000 0.030000 0.030000 0.030000 0.030237 0.163689 
1.106623 0.305975 0.112623 0.030000 0.030000 0.030000 0.030000 0.030000 0.030000 0.030000 0.030000 0.030000 0.030000 0.030000 0.030000 0.030000 0.030131 0.161271 
1.090024 0.265454 0.130710 0.030000 0.030000 0.030000 0.030000 0.030000 0.030000 0.030000 0.030000 0.030000 0.030000 0.030000 0.030000 0.030000 0.030280 0.183556 
1.073673 0.430236 0.088775 0.030000 0.030000 0.030000 0.030000 0.030000 0.030000 0.030000 0.030000 0.030000 0.030000 0.030000 0.030000 0.030000 0.031754 0.059234 
