157848.342843 0.061069 0.061069 0.091603 0.030534 0.045802 0.114504 0.030534 0.030534 0.038168 0.053435 0.099237 0.076336 0.038168 0.022901 0.053435 0.061069 0.091603 
134171.091416 0.038462 0.053846 0.030769 0.084615 0.023077 0.061538 0.038462 0.076923 0.069231 0.038462 0.100000 0.115385 0.107692 0.015385 0.030769 0.053846 0.061538 
114045.427704 0.029412 0.029412 0.070588 0.017647 0.058824 0.041176 0.070588 0.070588 0.111765 0.100000 0.070588 0.088235 0.058824 0.023529 0.135294 0.023529 0.000000 
96938.613548 0.045802 0.007634 0.038168 0.068702 0.061069 0.061069 0.038168 0.045802 0.068702 0.076336 0.083969 0.061069 0.076336 0.145038 0.045802 0.053435 0.022901 
82397.821516 0.036810 0.049080 0.042945 0.055215 0.055215 0.036810 0.036810 0.049080 0.116564 0.067485 0.073620 0.049080 0.073620 0.061350 0.104294 0.030675 0.061350 
70038.148289 0.035971 0.035971 0.035971 0.061151 0.068345 0.061151 0.093525 0.032374 0.050360 0.064748 0.061151 0.082734 0.057554 0.125899 0.082734 0.021583 0.028777 
59532.426045 0.027972 0.020979 0.041958 0.048951 0.090909 0.090909 0.062937 0.055944 0.055944 0.090909 0.041958 0.083916 0.041958 0.069930 0.069930 0.041958 0.062937 
50602.562139 0.042553 0.056738 0.063830 0.035461 0.035461 0.078014 0.042553 0.049645 0.035461 0.092199 0.070922 0.049645 0.092199 0.063830 0.113475 0.035461 0.042553 
43012.177818 0.023411 0.063545 0.030100 0.036789 0.030100 0.050167 0.060201 0.073579 0.070234 0.093645 0.073579 0.066890 0.056856 0.113712 0.100334 0.040134 0.016722 
36560.351145 0.037879 0.041667 0.035985 0.043561 0.060606 0.053030 0.060606 0.051136 0.077652 0.077652 0.068182 0.081439 0.075758 0.075758 0.104167 0.024621 0.030303 
31076.298473 0.029979 0.029979 0.038544 0.042827 0.072805 0.055675 0.042827 0.077088 0.057816 0.081370 0.062099 0.079229 0.104925 0.064240 0.109208 0.025696 0.025696 
26414.853702 0.037975 0.031646 0.050633 0.025316 0.069620 0.069620 0.088608 0.063291 0.050633 0.088608 0.063291 0.069620 0.094937 0.044304 0.088608 0.031646 0.031646 
22452.625647 0.040698 0.040698 0.034884 0.040698 0.040698 0.034884 0.075581 0.098837 0.046512 0.063953 0.069767 0.040698 0.104651 0.098837 0.110465 0.017442 0.040698 
19084.731800 0.025078 0.043887 0.023511 0.048589 0.075235 0.039185 0.040752 0.057994 0.065831 0.084639 0.090909 0.095611 0.094044 0.079937 0.067398 0.032915 0.034483 
16222.022030 0.055118 0.047244 0.070866 0.070866 0.039370 0.118110 0.055118 0.102362 0.023622 0.086614 0.055118 0.039370 0.070866 0.094488 0.015748 0.023622 0.031496 
13788.718725 0.021440 0.042879 0.049005 0.052067 0.078101 0.029096 0.064319 0.056662 0.079632 0.107198 0.056662 0.119449 0.078101 0.079632 0.015314 0.029096 0.041348 
11720.410917 0.049296 0.021127 0.056338 0.077465 0.049296 0.133803 0.077465 0.056338 0.056338 0.042254 0.105634 0.042254 0.049296 0.070423 0.070423 0.014085 0.028169 
9962.349279 0.028571 0.047619 0.023810 0.042857 0.052381 0.071429 0.061905 0.038095 0.052381 0.109524 0.061905 0.071429 0.047619 0.066667 0.152381 0.047619 0.023810 
8467.996887 0.079365 0.031746 0.055556 0.079365 0.063492 0.063492 0.047619 0.079365 0.063492 0.071429 0.039683 0.063492 0.071429 0.087302 0.063492 0.015873 0.023810 
7197.797354 0.024911 0.010676 0.056940 0.024911 0.060498 0.056940 0.064057 0.074733 0.042705 0.078292 0.160142 0.053381 0.056940 0.067616 0.135231 0.010676 0.021352 
6118.127751 0.025510 0.061224 0.038265 0.053571 0.035714 0.061224 0.035714 0.079082 0.086735 0.056122 0.086735 0.079082 0.068878 0.102041 0.089286 0.020408 0.020408 
5200.408588 0.023529 0.017647 0.029412 0.082353 0.094118 0.064706 0.047059 0.064706 0.052941 0.052941 0.094118 0.100000 0.058824 0.105882 0.076471 0.011765 0.023529 
4420.347300 0.021792 0.046005 0.050847 0.036320 0.055690 0.072639 0.111380 0.072639 0.055690 0.075061 0.077482 0.077482 0.092010 0.048426 0.053269 0.026634 0.026634 
3757.295205 0.048062 0.037209 0.058915 0.035659 0.054264 0.052713 0.054264 0.058915 0.065116 0.065116 0.055814 0.080620 0.085271 0.108527 0.094574 0.018605 0.026357 
3193.700924 0.036007 0.044190 0.045827 0.050736 0.040917 0.047463 0.070376 0.065466 0.086743 0.073650 0.063830 0.072013 0.075286 0.083470 0.085106 0.027823 0.031097 
2714.645786 0.034884 0.063953 0.046512 0.075581 0.029070 0.034884 0.058140 0.052326 0.098837 0.046512 0.058140 0.075581 0.081395 0.110465 0.081395 0.023256 0.029070 
2307.448918 0.022026 0.061674 0.030837 0.070485 0.052863 0.044053 0.039648 0.070485 0.052863 0.101322 0.074890 0.039648 0.052863 0.198238 0.035242 0.017621 0.035242 
1961.331580 0.008621 0.068966 0.017241 0.017241 0.025862 0.060345 0.068966 0.103448 0.051724 0.103448 0.034483 0.077586 0.181034 0.043103 0.077586 0.008621 0.051724 
1667.131843 0.034188 0.042735 0.029915 0.094017 0.089744 0.064103 0.064103 0.051282 0.089744 0.055556 0.047009 0.051282 0.055556 0.089744 0.085470 0.021368 0.034188 
1417.062067 0.029915 0.072650 0.025641 0.047009 0.064103 0.029915 0.085470 0.038462 0.051282 0.085470 0.132479 0.047009 0.051282 0.102564 0.051282 0.047009 0.038462 
1204.502757 0.036125 0.050903 0.054187 0.073892 0.039409 0.057471 0.065681 0.100164 0.075534 0.098522 0.060755 0.083744 0.050903 0.065681 0.047619 0.019704 0.019704 
1023.827343 0.040000 0.056000 0.024000 0.056000 0.088000 0.056000 0.056000 0.056000 0.080000 0.064000 0.064000 0.088000 0.064000 0.048000 0.104000 0.024000 0.032000 
870.253242 0.029412 0.058824 0.088235 0.051471 0.029412 0.014706 0.102941 0.073529 0.066176 0.029412 0.073529 0.139706 0.029412 0.110294 0.036765 0.036765 0.029412 
739.715255 0.027559 0.039370 0.051181 0.043307 0.055118 0.110236 0.082677 0.062992 0.090551 0.043307 0.055118 0.118110 0.094488 0.047244 0.027559 0.027559 0.023622 
628.757967 0.046575 0.049315 0.054795 0.043836 0.032877 0.049315 0.090411 0.046575 0.065753 0.054795 0.095890 0.071233 0.071233 0.084932 0.079452 0.035616 0.027397 
543.059460 0.033333 0.060000 0.060000 0.073333 0.093333 0.053333 0.086667 0.046667 0.040000 0.086667 0.060000 0.066667 0.113333 0.060000 0.020000 0.026667 0.020000 
461.600541 0.018062 0.016420 0.036125 0.047619 0.044335 0.098522 0.045977 0.113300 0.088670 0.111658 0.083744 0.064039 0.067323 0.087028 0.014778 0.027915 0.034483 
392.360459 0.030864 0.055556 0.061728 0.030864 0.030864 0.055556 0.074074 0.067901 0.080247 0.098765 0.061728 0.111111 0.086420 0.067901 0.049383 0.018519 0.018519 
333.506391 0.018141 0.040816 0.061224 0.056689 0.077098 0.074830 0.070295 0.058957 0.086168 0.099773 0.111111 0.049887 0.072562 0.049887 0.020408 0.029478 0.022676 
283.480432 0.016807 0.025210 0.050420 0.058824 0.058824 0.042017 0.067227 0.075630 0.100840 0.058824 0.075630 0.075630 0.042017 0.084034 0.084034 0.050420 0.033613 
240.958367 0.021739 0.050725 0.079710 0.036232 0.014493 0.028986 0.043478 0.101449 0.094203 0.108696 0.036232 0.007246 0.137681 0.050725 0.166667 0.007246 0.014493 
204.814612 0.022321 0.049107 0.035714 0.031250 0.165179 0.093750 0.080357 0.044643 0.071429 0.017857 0.066964 0.107143 0.049107 0.058036 0.035714 0.017857 0.053571 
174.092420 0.040486 0.040486 0.072874 0.068826 0.101215 0.028340 0.076923 0.117409 0.072874 0.048583 0.056680 0.032389 0.068826 0.040486 0.093117 0.016194 0.024291 
147.978557 0.024590 0.024590 0.043716 0.049180 0.073770 0.035519 0.071038 0.068306 0.065574 0.060109 0.090164 0.095628 0.128415 0.057377 0.062842 0.032787 0.016393 
125.781774 0.031579 0.042105 0.047368 0.078947 0.063158 0.052632 0.094737 0.094737 0.042105 0.115789 0.068421 0.042105 0.036842 0.057895 0.063158 0.042105 0.026316 
106.914508 0.019048 0.053968 0.066667 0.050794 0.053968 0.060317 0.079365 0.057143 0.066667 0.107937 0.114286 0.053968 0.079365 0.041270 0.066667 0.015873 0.012698 
90.877331 0.025641 0.025641 0.094017 0.042735 0.111111 0.068376 0.051282 0.102564 0.111111 0.059829 0.042735 0.094017 0.034188 0.051282 0.017094 0.034188 0.034188 
77.245732 0.027915 0.054187 0.041051 0.049261 0.075534 0.036125 0.124795 0.129721 0.065681 0.029557 0.068966 0.155993 0.031199 0.029557 0.034483 0.027915 0.018062 
65.658872 0.113208 0.028302 0.075472 0.056604 0.084906 0.103774 0.056604 0.037736 0.028302 0.141509 0.028302 0.066038 0.000000 0.018868 0.075472 0.047170 0.037736 
55.810041 0.020833 0.027778 0.100694 0.072917 0.076389 0.072917 0.034722 0.090278 0.083333 0.121528 0.027778 0.027778 0.041667 0.083333 0.031250 0.052083 0.034722 
48.887651 0.024631 0.067323 0.101806 0.103448 0.108374 0.045977 0.031199 0.064039 0.095238 0.067323 0.032841 0.045977 0.032841 0.039409 0.060755 0.041051 0.037767 
42.613290 0.024631 0.065681 0.116585 0.078818 0.060755 0.087028 0.075534 0.073892 0.073892 0.062397 0.044335 0.050903 0.034483 0.041051 0.042693 0.041051 0.026273 
36.827008 0.019324 0.053140 0.067633 0.077295 0.077295 0.096618 0.096618 0.072464 0.091787 0.028986 0.057971 0.082126 0.053140 0.038647 0.043478 0.019324 0.024155 
32.496064 0.044335 0.062397 0.083744 0.060755 0.091954 0.101806 0.088670 0.080460 0.083744 0.037767 0.027915 0.047619 0.047619 0.042693 0.032841 0.029557 0.036125 
28.337462 0.025641 0.076923 0.059829 0.034188 0.094017 0.051282 0.068376 0.059829 0.111111 0.059829 0.042735 0.094017 0.102564 0.042735 0.025641 0.008547 0.042735 
24.808740 0.032841 0.064039 0.087028 0.100164 0.103448 0.047619 0.133005 0.111658 0.057471 0.029557 0.022989 0.078818 0.026273 0.031199 0.021346 0.027915 0.024631 
21.928931 0.024306 0.065972 0.059028 0.079861 0.062500 0.079861 0.065972 0.100694 0.076389 0.065972 0.052083 0.045139 0.065972 0.055556 0.024306 0.045139 0.031250 
20.046544 0.026316 0.067982 0.092105 0.083333 0.122807 0.050439 0.054825 0.094298 0.074561 0.032895 0.057018 0.078947 0.037281 0.026316 0.039474 0.026316 0.035088 
18.544296 0.027915 0.062397 0.119869 0.055829 0.070608 0.124795 0.049261 0.062397 0.073892 0.037767 0.054187 0.039409 0.101806 0.027915 0.029557 0.032841 0.029557 
17.154221 0.041379 0.103448 0.062069 0.062069 0.103448 0.124138 0.068966 0.075862 0.006897 0.027586 0.103448 0.068966 0.034483 0.027586 0.055172 0.020690 0.013793 
15.927229 0.032841 0.060755 0.119869 0.062397 0.065681 0.083744 0.054187 0.185550 0.036125 0.031199 0.088670 0.034483 0.032841 0.021346 0.031199 0.036125 0.022989 
14.604057 0.046512 0.054264 0.062016 0.093023 0.100775 0.085271 0.093023 0.093023 0.062016 0.031008 0.077519 0.062016 0.031008 0.038760 0.000000 0.015504 0.054264 
13.373312 0.026846 0.154362 0.191275 0.083893 0.050336 0.050336 0.067114 0.070470 0.033557 0.026846 0.046980 0.033557 0.020134 0.030201 0.036913 0.033557 0.043624 
12.343186 0.019704 0.116585 0.098522 0.139573 0.088670 0.064039 0.068966 0.075534 0.042693 0.034483 0.031199 0.039409 0.036125 0.065681 0.029557 0.034483 0.014778 
11.472191 0.026273 0.095238 0.098522 0.129721 0.052545 0.057471 0.082102 0.057471 0.080460 0.062397 0.055829 0.039409 0.047619 0.034483 0.027915 0.019704 0.032841 
10.679326 0.041051 0.082102 0.103448 0.106732 0.080460 0.096880 0.082102 0.050903 0.057471 0.080460 0.045977 0.044335 0.032841 0.026273 0.021346 0.029557 0.018062 
9.902235 0.041051 0.045977 0.141215 0.093596 0.060755 0.083744 0.055829 0.078818 0.044335 0.072250 0.091954 0.037767 0.036125 0.019704 0.034483 0.036125 0.026273 
9.294728 0.069565 0.086957 0.104348 0.069565 0.060870 0.121739 0.060870 0.069565 0.069565 0.026087 0.060870 0.043478 0.034783 0.026087 0.034783 0.034783 0.026087 
8.731911 0.021346 0.055829 0.185550 0.075534 0.082102 0.129721 0.057471 0.047619 0.057471 0.022989 0.077176 0.024631 0.027915 0.050903 0.027915 0.027915 0.027915 
8.303810 0.037767 0.078818 0.119869 0.067323 0.108374 0.085386 0.067323 0.090312 0.052545 0.032841 0.041051 0.032841 0.039409 0.031199 0.037767 0.045977 0.031199 
7.839590 0.055829 0.113300 0.119869 0.093596 0.087028 0.070608 0.072250 0.068966 0.047619 0.045977 0.042693 0.027915 0.031199 0.026273 0.029557 0.034483 0.032841 
7.534155 0.065681 0.106732 0.088670 0.139573 0.144499 0.068966 0.067323 0.026273 0.021346 0.024631 0.027915 0.036125 0.041051 0.031199 0.034483 0.044335 0.031199 
7.313521 0.032841 0.088670 0.111658 0.082102 0.080460 0.100164 0.134647 0.095238 0.019704 0.034483 0.032841 0.026273 0.029557 0.036125 0.018062 0.059113 0.018062 
6.957077 0.045977 0.073892 0.098522 0.082102 0.124795 0.093596 0.045977 0.070608 0.050903 0.021346 0.026273 0.036125 0.052545 0.022989 0.090312 0.039409 0.024631 
6.739129 0.118227 0.078818 0.080460 0.082102 0.096880 0.049261 0.139573 0.044335 0.045977 0.034483 0.034483 0.027915 0.031199 0.032841 0.026273 0.050903 0.026273 
6.423006 0.036125 0.108374 0.073892 0.124795 0.078818 0.136289 0.065681 0.083744 0.032841 0.024631 0.036125 0.032841 0.024631 0.032841 0.029557 0.049261 0.029557 
6.196823 0.031199 0.119869 0.108374 0.062397 0.067323 0.065681 0.021346 0.091954 0.029557 0.155993 0.026273 0.031199 0.039409 0.036125 0.042693 0.034483 0.036125 
6.103871 0.024631 0.103448 0.067323 0.047619 0.088670 0.047619 0.062397 0.049261 0.039409 0.037767 0.036125 0.018062 0.032841 0.031199 0.045977 0.129721 0.137931 
5.988079 0.032841 0.119869 0.165846 0.108374 0.072250 0.070608 0.032841 0.050903 0.062397 0.019704 0.024631 0.021346 0.072250 0.031199 0.032841 0.064039 0.018062 
5.782417 0.088670 0.093596 0.119869 0.116585 0.098522 0.052545 0.064039 0.077176 0.045977 0.026273 0.016420 0.026273 0.052545 0.022989 0.024631 0.032841 0.041051 
5.550192 0.060755 0.073892 0.091954 0.068966 0.116585 0.057471 0.082102 0.050903 0.036125 0.106732 0.036125 0.034483 0.021346 0.064039 0.034483 0.029557 0.034483 
5.334199 0.045977 0.082102 0.100164 0.098522 0.116585 0.075534 0.083744 0.062397 0.059113 0.055829 0.034483 0.055829 0.021346 0.022989 0.031199 0.021346 0.032841 
5.126115 0.031199 0.083744 0.087028 0.073892 0.137931 0.064039 0.072250 0.073892 0.027915 0.052545 0.041051 0.022989 0.029557 0.032841 0.034483 0.087028 0.047619 
4.908426 0.054187 0.101806 0.121511 0.142857 0.114943 0.077176 0.042693 0.041051 0.027915 0.059113 0.032841 0.014778 0.024631 0.021346 0.039409 0.050903 0.032841 
4.714755 0.055829 0.065681 0.093596 0.096880 0.119869 0.054187 0.055829 0.067323 0.108374 0.052545 0.032841 0.041051 0.021346 0.029557 0.032841 0.032841 0.039409 
4.551028 0.062397 0.101806 0.103448 0.064039 0.113300 0.059113 0.065681 0.091954 0.031199 0.060755 0.031199 0.042693 0.036125 0.021346 0.031199 0.027915 0.055829 
4.390845 0.088670 0.095238 0.090312 0.113300 0.098522 0.049261 0.065681 0.050903 0.044335 0.034483 0.029557 0.022989 0.034483 0.039409 0.036125 0.041051 0.065681 
4.261371 0.059113 0.098522 0.174056 0.088670 0.073892 0.088670 0.052545 0.083744 0.049261 0.041051 0.021346 0.032841 0.024631 0.024631 0.027915 0.036125 0.022989 
4.111044 0.042693 0.123153 0.142857 0.114943 0.062397 0.054187 0.060755 0.116585 0.031199 0.039409 0.041051 0.042693 0.024631 0.032841 0.024631 0.029557 0.016420 
3.984925 0.027915 0.106732 0.083744 0.101806 0.100164 0.045977 0.101806 0.039409 0.136289 0.031199 0.034483 0.039409 0.024631 0.034483 0.024631 0.039409 0.027915 
3.851403 0.045977 0.160920 0.060755 0.085386 0.090312 0.024631 0.155993 0.037767 0.036125 0.057471 0.047619 0.042693 0.034483 0.037767 0.021346 0.032841 0.027915 
3.744550 0.041051 0.111658 0.103448 0.073892 0.123153 0.106732 0.055829 0.032841 0.034483 0.078818 0.029557 0.034483 0.031199 0.032841 0.036125 0.034483 0.039409 
3.628691 0.049261 0.068966 0.110016 0.073892 0.093596 0.068966 0.062397 0.039409 0.078818 0.042693 0.095238 0.032841 0.032841 0.027915 0.029557 0.029557 0.064039 
3.525241 0.087028 0.085386 0.065681 0.085386 0.105090 0.078818 0.095238 0.075534 0.052545 0.041051 0.031199 0.029557 0.036125 0.026273 0.027915 0.041051 0.036125 
3.472363 0.084848 0.139394 0.084848 0.115152 0.084848 0.109091 0.066667 0.048485 0.030303 0.024242 0.030303 0.030303 0.018182 0.048485 0.030303 0.036364 0.018182 
3.420277 0.088670 0.111658 0.026273 0.119869 0.162562 0.044335 0.070608 0.054187 0.059113 0.036125 0.032841 0.029557 0.026273 0.037767 0.039409 0.019704 0.041051 
3.368973 0.056604 0.122642 0.094340 0.113208 0.066038 0.094340 0.084906 0.075472 0.056604 0.028302 0.028302 0.018868 0.018868 0.009434 0.037736 0.047170 0.047170 
3.188161 0.224242 0.103030 0.072727 0.157576 0.078788 0.066667 0.030303 0.036364 0.024242 0.024242 0.024242 0.018182 0.030303 0.012121 0.006061 0.042424 0.048485 
3.089807 0.045977 0.087028 0.054187 0.072250 0.082102 0.029557 0.021346 0.029557 0.029557 0.300493 0.041051 0.027915 0.039409 0.032841 0.026273 0.041051 0.039409 
3.043460 0.098522 0.170772 0.101806 0.101806 0.072250 0.114943 0.031199 0.032841 0.027915 0.036125 0.021346 0.029557 0.031199 0.044335 0.018062 0.032841 0.034483 
2.997808 0.039370 0.086614 0.165354 0.062992 0.062992 0.070866 0.062992 0.070866 0.047244 0.062992 0.039370 0.031496 0.070866 0.031496 0.015748 0.039370 0.039370 
2.929457 0.050903 0.096880 0.243021 0.114943 0.018062 0.113300 0.022989 0.045977 0.045977 0.021346 0.034483 0.041051 0.034483 0.036125 0.021346 0.029557 0.029557 
2.885515 0.078947 0.184211 0.111842 0.131579 0.019737 0.072368 0.026316 0.098684 0.013158 0.019737 0.039474 0.046053 0.039474 0.032895 0.006579 0.046053 0.032895 
2.811091 0.119869 0.128079 0.182266 0.027915 0.019704 0.026273 0.022989 0.190476 0.039409 0.024631 0.032841 0.032841 0.036125 0.019704 0.042693 0.022989 0.031199 
2.768925 0.088670 0.157635 0.123153 0.031199 0.170772 0.037767 0.080460 0.036125 0.045977 0.026273 0.034483 0.032841 0.022989 0.027915 0.029557 0.024631 0.029557 
2.727391 0.083744 0.124795 0.072250 0.174056 0.034483 0.075534 0.085386 0.045977 0.019704 0.044335 0.037767 0.027915 0.034483 0.039409 0.029557 0.031199 0.039409 
2.686480 0.100164 0.228243 0.085386 0.085386 0.068966 0.054187 0.060755 0.049261 0.031199 0.032841 0.019704 0.019704 0.036125 0.042693 0.026273 0.024631 0.034483 
2.646183 0.098522 0.123153 0.165846 0.070608 0.082102 0.067323 0.052545 0.044335 0.032841 0.029557 0.027915 0.021346 0.037767 0.032841 0.021346 0.024631 0.067323 
2.606490 0.132701 0.184834 0.127962 0.099526 0.037915 0.052133 0.042654 0.042654 0.028436 0.033175 0.014218 0.061611 0.037915 0.028436 0.023697 0.018957 0.033175 
2.552689 0.072250 0.147783 0.136289 0.141215 0.024631 0.036125 0.047619 0.087028 0.029557 0.078818 0.011494 0.031199 0.024631 0.031199 0.037767 0.039409 0.022989 
2.514399 0.111658 0.124795 0.106732 0.067323 0.077176 0.032841 0.062397 0.129721 0.047619 0.022989 0.031199 0.027915 0.024631 0.036125 0.031199 0.034483 0.031199 
2.476683 0.130435 0.078261 0.191304 0.060870 0.104348 0.026087 0.043478 0.043478 0.017391 0.078261 0.017391 0.017391 0.043478 0.034783 0.034783 0.052174 0.026087 
2.428735 0.098522 0.057471 0.101806 0.256158 0.096880 0.024631 0.044335 0.036125 0.022989 0.039409 0.021346 0.031199 0.026273 0.024631 0.026273 0.041051 0.050903 
2.392304 0.173554 0.049587 0.198347 0.082645 0.049587 0.049587 0.049587 0.041322 0.057851 0.024793 0.008264 0.016529 0.024793 0.033058 0.008264 0.049587 0.082645 
2.356419 0.070608 0.167488 0.054187 0.054187 0.037767 0.096880 0.073892 0.026273 0.027915 0.175698 0.029557 0.032841 0.032841 0.029557 0.042693 0.014778 0.032841 
2.321073 0.072250 0.090312 0.064039 0.116585 0.078818 0.077176 0.022989 0.093596 0.057471 0.057471 0.029557 0.022989 0.037767 0.024631 0.029557 0.029557 0.095238 
2.286257 0.133005 0.083744 0.142857 0.073892 0.054187 0.111658 0.022989 0.057471 0.031199 0.016420 0.060755 0.031199 0.027915 0.054187 0.022989 0.036125 0.039409 
2.251963 0.127273 0.272727 0.118182 0.090909 0.054545 0.054545 0.027273 0.018182 0.009091 0.018182 0.027273 0.009091 0.045455 0.018182 0.045455 0.027273 0.036364 
2.203904 0.108374 0.238095 0.188834 0.103448 0.024631 0.026273 0.027915 0.018062 0.019704 0.022989 0.036125 0.024631 0.034483 0.039409 0.026273 0.032841 0.027915 
2.170846 0.118227 0.149425 0.128079 0.064039 0.087028 0.042693 0.064039 0.042693 0.022989 0.029557 0.042693 0.018062 0.034483 0.022989 0.034483 0.032841 0.065681 
2.138283 0.080645 0.153226 0.096774 0.161290 0.056452 0.064516 0.056452 0.040323 0.024194 0.072581 0.040323 0.040323 0.024194 0.000000 0.016129 0.032258 0.040323 
2.099238 0.129721 0.144499 0.044335 0.113300 0.022989 0.034483 0.159278 0.045977 0.021346 0.039409 0.037767 0.041051 0.029557 0.032841 0.036125 0.027915 0.039409 
2.067750 0.145455 0.181818 0.045455 0.209091 0.072727 0.081818 0.009091 0.036364 0.045455 0.045455 0.045455 0.009091 0.009091 0.009091 0.027273 0.009091 0.018182 
2.036733 0.096880 0.164204 0.141215 0.133005 0.029557 0.083744 0.037767 0.031199 0.037767 0.034483 0.026273 0.029557 0.024631 0.022989 0.032841 0.032841 0.041051 
2.006182 0.141215 0.172414 0.105090 0.100164 0.032841 0.034483 0.073892 0.050903 0.024631 0.032841 0.021346 0.019704 0.029557 0.036125 0.042693 0.026273 0.055829 
1.976090 0.088670 0.159278 0.077176 0.060755 0.136289 0.075534 0.055829 0.054187 0.026273 0.029557 0.021346 0.032841 0.029557 0.032841 0.031199 0.027915 0.060755 
1.946448 0.116667 0.125000 0.041667 0.116667 0.058333 0.116667 0.058333 0.058333 0.033333 0.033333 0.008333 0.033333 0.000000 0.050000 0.050000 0.025000 0.075000 
1.917252 0.090312 0.336617 0.032841 0.118227 0.018062 0.027915 0.027915 0.041051 0.032841 0.037767 0.034483 0.027915 0.029557 0.027915 0.029557 0.031199 0.055829 
1.884911 0.118227 0.116585 0.114943 0.064039 0.118227 0.088670 0.026273 0.052545 0.026273 0.037767 0.032841 0.024631 0.032841 0.039409 0.027915 0.031199 0.047619 
1.856638 0.118227 0.116585 0.137931 0.157635 0.103448 0.027915 0.031199 0.026273 0.026273 0.024631 0.041051 0.022989 0.026273 0.022989 0.032841 0.026273 0.057471 
1.828788 0.152709 0.165846 0.101806 0.113300 0.091954 0.029557 0.032841 0.034483 0.018062 0.024631 0.031199 0.014778 0.027915 0.019704 0.026273 0.029557 0.085386 
1.801356 0.075000 0.166667 0.108333 0.150000 0.116667 0.041667 0.033333 0.008333 0.033333 0.041667 0.016667 0.033333 0.033333 0.041667 0.033333 0.016667 0.050000 
1.769619 0.119869 0.274220 0.060755 0.080460 0.062397 0.062397 0.022989 0.034483 0.029557 0.034483 0.026273 0.026273 0.026273 0.031199 0.029557 0.018062 0.060755 
1.743075 0.172414 0.178982 0.091954 0.093596 0.057471 0.024631 0.050903 0.054187 0.022989 0.027915 0.036125 0.032841 0.029557 0.021346 0.027915 0.026273 0.050903 
1.716929 0.122951 0.147541 0.090164 0.032787 0.155738 0.008197 0.065574 0.008197 0.040984 0.049180 0.057377 0.040984 0.032787 0.008197 0.024590 0.049180 0.065574 
1.691175 0.111658 0.106732 0.142857 0.032841 0.205255 0.031199 0.044335 0.032841 0.032841 0.036125 0.022989 0.031199 0.037767 0.039409 0.024631 0.026273 0.041051 
1.665807 0.134647 0.174056 0.124795 0.114943 0.027915 0.037767 0.049261 0.059113 0.039409 0.031199 0.024631 0.026273 0.021346 0.032841 0.032841 0.032841 0.036125 
1.640820 0.116585 0.113300 0.128079 0.118227 0.042693 0.082102 0.093596 0.045977 0.026273 0.041051 0.029557 0.019704 0.021346 0.026273 0.022989 0.024631 0.047619 
1.616208 0.128079 0.172414 0.100164 0.088670 0.106732 0.027915 0.052545 0.032841 0.045977 0.022989 0.027915 0.027915 0.036125 0.018062 0.039409 0.039409 0.032841 
1.591965 0.112000 0.144000 0.128000 0.080000 0.064000 0.080000 0.024000 0.024000 0.064000 0.040000 0.024000 0.032000 0.048000 0.008000 0.064000 0.032000 0.032000 
1.568085 0.170772 0.236453 0.054187 0.160920 0.042693 0.026273 0.034483 0.031199 0.024631 0.021346 0.047619 0.013136 0.019704 0.029557 0.027915 0.024631 0.034483 
1.544564 0.111658 0.133005 0.073892 0.036125 0.042693 0.031199 0.136289 0.029557 0.042693 0.029557 0.032841 0.128079 0.029557 0.031199 0.026273 0.042693 0.042693 
1.521396 0.137931 0.183908 0.047619 0.065681 0.077176 0.136289 0.044335 0.031199 0.032841 0.022989 0.041051 0.026273 0.022989 0.041051 0.026273 0.026273 0.036125 
1.498575 0.120690 0.077586 0.181034 0.163793 0.060345 0.051724 0.008621 0.043103 0.068966 0.000000 0.000000 0.034483 0.025862 0.034483 0.051724 0.034483 0.043103 
1.476096 0.128079 0.159278 0.124795 0.088670 0.041051 0.133005 0.019704 0.036125 0.022989 0.036125 0.024631 0.034483 0.034483 0.032841 0.027915 0.031199 0.024631 
1.453955 0.213465 0.165846 0.118227 0.116585 0.029557 0.026273 0.027915 0.024631 0.027915 0.022989 0.019704 0.024631 0.016420 0.026273 0.032841 0.036125 0.070608 
1.432145 0.131363 0.213465 0.113300 0.054187 0.024631 0.031199 0.034483 0.045977 0.037767 0.029557 0.036125 0.041051 0.024631 0.029557 0.034483 0.021346 0.096880 
1.410663 0.131363 0.188834 0.108374 0.036125 0.068966 0.103448 0.045977 0.032841 0.041051 0.031199 0.027915 0.031199 0.034483 0.026273 0.034483 0.022989 0.034483 
1.389503 0.137931 0.189655 0.181034 0.068966 0.017241 0.077586 0.060345 0.017241 0.000000 0.017241 0.034483 0.034483 0.025862 0.008621 0.043103 0.043103 0.043103 
1.368661 0.083744 0.110016 0.139573 0.082102 0.195402 0.027915 0.091954 0.026273 0.026273 0.024631 0.029557 0.031199 0.024631 0.019704 0.019704 0.034483 0.032841 
1.348131 0.072727 0.109091 0.109091 0.127273 0.054545 0.036364 0.018182 0.009091 0.000000 0.027273 0.072727 0.063636 0.036364 0.027273 0.009091 0.018182 0.209091 
1.327909 0.124795 0.228243 0.149425 0.083744 0.016420 0.029557 0.027915 0.039409 0.027915 0.032841 0.019704 0.029557 0.019704 0.029557 0.022989 0.034483 0.083744 
1.307990 0.088496 0.106195 0.106195 0.106195 0.088496 0.141593 0.017699 0.044248 0.017699 0.008850 0.044248 0.026549 0.035398 0.035398 0.044248 0.026549 0.061947 
1.288370 0.224959 0.310345 0.039409 0.047619 0.021346 0.024631 0.027915 0.032841 0.034483 0.027915 0.024631 0.024631 0.031199 0.047619 0.021346 0.024631 0.034483 
1.269045 0.257800 0.160920 0.091954 0.068966 0.016420 0.024631 0.032841 0.055829 0.031199 0.037767 0.029557 0.022989 0.041051 0.019704 0.027915 0.041051 0.039409 
1.250009 0.123153 0.116585 0.221675 0.103448 0.034483 0.027915 0.042693 0.032841 0.024631 0.031199 0.032841 0.029557 0.029557 0.029557 0.031199 0.031199 0.057471 
1.231259 0.149425 0.085386 0.128079 0.087028 0.054187 0.068966 0.096880 0.031199 0.044335 0.037767 0.044335 0.019704 0.027915 0.022989 0.045977 0.031199 0.024631 
1.212790 0.126437 0.087028 0.116585 0.111658 0.027915 0.027915 0.064039 0.118227 0.026273 0.029557 0.042693 0.024631 0.027915 0.027915 0.031199 0.042693 0.067323 
1.194598 0.193676 0.169960 0.094862 0.086957 0.094862 0.031621 0.011858 0.027668 0.043478 0.019763 0.027668 0.027668 0.043478 0.023715 0.031621 0.019763 0.051383 
1.176679 0.142857 0.232143 0.062500 0.071429 0.098214 0.008929 0.035714 0.008929 0.017857 0.026786 0.044643 0.053571 0.053571 0.017857 0.062500 0.044643 0.017857 
1.159029 0.108374 0.211823 0.055829 0.067323 0.119869 0.036125 0.087028 0.027915 0.024631 0.032841 0.026273 0.029557 0.026273 0.029557 0.011494 0.029557 0.075534 
1.141644 0.205255 0.162562 0.075534 0.085386 0.054187 0.036125 0.029557 0.070608 0.034483 0.021346 0.027915 0.037767 0.024631 0.024631 0.024631 0.029557 0.055829 
1.124519 0.157895 0.118421 0.127193 0.162281 0.043860 0.052632 0.013158 0.026316 0.017544 0.026316 0.035088 0.030702 0.039474 0.043860 0.017544 0.026316 0.061404 
1.107651 0.160920 0.060755 0.165846 0.057471 0.041051 0.054187 0.026273 0.029557 0.027915 0.152709 0.026273 0.032841 0.018062 0.029557 0.026273 0.036125 0.054187 
1.091036 0.155993 0.175698 0.174056 0.036125 0.036125 0.062397 0.032841 0.044335 0.034483 0.018062 0.029557 0.019704 0.027915 0.036125 0.037767 0.036125 0.042693 
1.074671 0.144499 0.220033 0.141215 0.034483 0.036125 0.075534 0.026273 0.024631 0.027915 0.022989 0.042693 0.031199 0.026273 0.036125 0.036125 0.037767 0.036125 
1.058551 0.136289 0.155993 0.082102 0.080460 0.041051 0.090312 0.029557 0.085386 0.029557 0.036125 0.034483 0.022989 0.024631 0.031199 0.026273 0.031199 0.062397 
1.042672 0.238095 0.170772 0.068966 0.083744 0.022989 0.057471 0.016420 0.067323 0.047619 0.032841 0.021346 0.024631 0.019704 0.049261 0.026273 0.036125 0.016420 
1.027032 0.105263 0.186235 0.251012 0.052632 0.028340 0.044534 0.044534 0.036437 0.020243 0.020243 0.028340 0.052632 0.024291 0.028340 0.008097 0.028340 0.040486 
1.011627 0.188976 0.173228 0.047244 0.078740 0.015748 0.047244 0.149606 0.031496 0.039370 0.039370 0.062992 0.031496 0.007874 0.007874 0.039370 0.015748 0.023622 
0.996453 0.208539 0.134647 0.220033 0.027915 0.022989 0.032841 0.037767 0.041051 0.042693 0.032841 0.036125 0.034483 0.022989 0.021346 0.027915 0.032841 0.022989 
0.981506 0.152709 0.134647 0.091954 0.082102 0.124795 0.054187 0.050903 0.022989 0.027915 0.041051 0.026273 0.034483 0.034483 0.027915 0.018062 0.032841 0.042693 
0.966783 0.186916 0.093458 0.046729 0.214953 0.037383 0.046729 0.037383 0.037383 0.018692 0.018692 0.028037 0.046729 0.037383 0.000000 0.056075 0.046729 0.046729 
0.952281 0.103704 0.214815 0.051852 0.140741 0.029630 0.037037 0.185185 0.029630 0.029630 0.014815 0.037037 0.014815 0.007407 0.022222 0.014815 0.029630 0.037037 
0.937997 0.137931 0.172414 0.068966 0.112069 0.025862 0.043103 0.043103 0.034483 0.008621 0.017241 0.043103 0.034483 0.017241 0.008621 0.017241 0.008621 0.206897 
0.923927 0.095238 0.105090 0.154351 0.029557 0.029557 0.198686 0.039409 0.044335 0.027915 0.045977 0.037767 0.032841 0.026273 0.034483 0.021346 0.036125 0.041051 
0.910068 0.152709 0.147783 0.169130 0.019704 0.123153 0.036125 0.055829 0.024631 0.021346 0.029557 0.022989 0.024631 0.019704 0.034483 0.034483 0.021346 0.062397 
0.896417 0.180929 0.176039 0.168704 0.029340 0.058680 0.070905 0.046455 0.017115 0.039120 0.022005 0.019560 0.026895 0.019560 0.039120 0.031785 0.029340 0.024450 
0.882971 0.224959 0.144499 0.129721 0.018062 0.039409 0.065681 0.034483 0.031199 0.037767 0.031199 0.039409 0.027915 0.031199 0.042693 0.036125 0.041051 0.024631 
0.869726 0.213465 0.162562 0.103448 0.036125 0.014778 0.059113 0.045977 0.027915 0.044335 0.029557 0.042693 0.042693 0.019704 0.032841 0.031199 0.027915 0.065681 
0.856681 0.272727 0.066116 0.115702 0.049587 0.057851 0.024793 0.066116 0.041322 0.016529 0.033058 0.024793 0.016529 0.024793 0.082645 0.008264 0.049587 0.049587 
0.843830 0.121511 0.070608 0.160920 0.019704 0.018062 0.034483 0.254516 0.021346 0.027915 0.036125 0.036125 0.031199 0.036125 0.029557 0.026273 0.026273 0.049261 
0.831173 0.172131 0.147541 0.155738 0.032787 0.024590 0.024590 0.098361 0.032787 0.032787 0.016393 0.024590 0.032787 0.032787 0.032787 0.024590 0.073770 0.040984 
0.818705 0.344828 0.169130 0.044335 0.041051 0.027915 0.029557 0.027915 0.037767 0.029557 0.024631 0.031199 0.026273 0.029557 0.041051 0.034483 0.034483 0.026273 
0.806425 0.257534 0.206849 0.031507 0.016438 0.030137 0.028767 0.026027 0.090411 0.041096 0.026027 0.028767 0.032877 0.039726 0.045205 0.030137 0.028767 0.039726 
0.794328 0.205255 0.151067 0.019704 0.029557 0.100164 0.065681 0.072250 0.054187 0.032841 0.031199 0.026273 0.022989 0.029557 0.029557 0.029557 0.037767 0.062397 
0.782413 0.088435 0.149660 0.108844 0.149660 0.047619 0.027211 0.068027 0.020408 0.006803 0.054422 0.054422 0.006803 0.034014 0.006803 0.061224 0.068027 0.047619 
0.770677 0.292282 0.241379 0.034483 0.032841 0.029557 0.029557 0.032841 0.027915 0.024631 0.036125 0.019704 0.031199 0.037767 0.031199 0.032841 0.042693 0.022989 
0.759117 0.186992 0.040650 0.065041 0.170732 0.040650 0.146341 0.073171 0.024390 0.032520 0.024390 0.016260 0.008130 0.024390 0.032520 0.016260 0.024390 0.073171 
0.747730 0.216749 0.026273 0.223317 0.113300 0.022989 0.050903 0.031199 0.034483 0.029557 0.027915 0.027915 0.026273 0.027915 0.026273 0.021346 0.032841 0.060755 
0.736514 0.216749 0.157635 0.054187 0.060755 0.121511 0.052545 0.022989 0.031199 0.027915 0.018062 0.032841 0.027915 0.019704 0.039409 0.031199 0.037767 0.047619 
0.725467 0.166667 0.097222 0.145833 0.111111 0.111111 0.020833 0.020833 0.062500 0.013889 0.048611 0.006944 0.027778 0.041667 0.020833 0.027778 0.020833 0.055556 
0.714585 0.354680 0.036125 0.037767 0.172414 0.042693 0.021346 0.016420 0.034483 0.021346 0.019704 0.036125 0.027915 0.034483 0.042693 0.019704 0.031199 0.050903 
0.703866 0.230216 0.230216 0.089928 0.071942 0.043165 0.035971 0.032374 0.025180 0.025180 0.035971 0.025180 0.032374 0.021583 0.010791 0.021583 0.028777 0.039568 
0.693308 0.287356 0.121511 0.019704 0.029557 0.029557 0.034483 0.019704 0.042693 0.029557 0.032841 0.041051 0.026273 0.037767 0.029557 0.039409 0.034483 0.144499 
0.682908 0.285714 0.169130 0.077176 0.031199 0.031199 0.037767 0.024631 0.031199 0.026273 0.029557 0.037767 0.032841 0.031199 0.036125 0.022989 0.041051 0.054187 
0.672665 0.269294 0.091954 0.062397 0.022989 0.032841 0.039409 0.027915 0.036125 0.031199 0.024631 0.029557 0.036125 0.024631 0.016420 0.037767 0.036125 0.180624 
0.662575 0.222222 0.068376 0.222222 0.025641 0.042735 0.017094 0.025641 0.017094 0.034188 0.042735 0.034188 0.051282 0.025641 0.042735 0.034188 0.025641 0.068376 
0.652636 0.252874 0.243021 0.085386 0.019704 0.031199 0.032841 0.031199 0.031199 0.029557 0.029557 0.037767 0.036125 0.018062 0.041051 0.016420 0.032841 0.031199 
0.642847 0.351396 0.160920 0.067323 0.029557 0.021346 0.044335 0.022989 0.034483 0.022989 0.034483 0.026273 0.009852 0.022989 0.027915 0.026273 0.032841 0.064039 
0.633204 0.305785 0.115702 0.049587 0.107438 0.016529 0.057851 0.024793 0.008264 0.066116 0.016529 0.024793 0.016529 0.033058 0.016529 0.041322 0.008264 0.090909 
0.623706 0.397373 0.113300 0.032841 0.031199 0.044335 0.024631 0.032841 0.026273 0.034483 0.027915 0.029557 0.021346 0.029557 0.036125 0.027915 0.029557 0.060755 
0.614350 0.315271 0.185550 0.027915 0.029557 0.024631 0.024631 0.041051 0.024631 0.041051 0.019704 0.037767 0.026273 0.036125 0.031199 0.031199 0.039409 0.064039 
0.605135 0.392758 0.098886 0.029248 0.030641 0.023677 0.026462 0.036212 0.045961 0.033426 0.034819 0.029248 0.025070 0.037604 0.022284 0.029248 0.036212 0.068245 
0.596058 0.371100 0.119869 0.022989 0.024631 0.027915 0.029557 0.034483 0.036125 0.037767 0.027915 0.019704 0.032841 0.024631 0.021346 0.014778 0.036125 0.118227 
0.587117 0.146154 0.269231 0.092308 0.030769 0.038462 0.015385 0.000000 0.115385 0.038462 0.023077 0.015385 0.015385 0.053846 0.023077 0.046154 0.038462 0.038462 
0.578310 0.238095 0.100164 0.037767 0.091954 0.124795 0.021346 0.029557 0.034483 0.019704 0.031199 0.042693 0.021346 0.047619 0.018062 0.032841 0.039409 0.068966 
0.569636 0.162393 0.170940 0.136752 0.102564 0.042735 0.017094 0.017094 0.025641 0.025641 0.000000 0.017094 0.051282 0.034188 0.051282 0.042735 0.017094 0.085470 
0.561091 0.082102 0.029557 0.024631 0.136289 0.359606 0.029557 0.034483 0.029557 0.032841 0.027915 0.027915 0.026273 0.029557 0.019704 0.022989 0.039409 0.047619 
0.552675 0.403226 0.032258 0.024194 0.056452 0.048387 0.008065 0.032258 0.008065 0.048387 0.032258 0.016129 0.016129 0.064516 0.016129 0.056452 0.032258 0.104839 
0.544385 0.418719 0.026273 0.029557 0.027915 0.031199 0.034483 0.029557 0.036125 0.024631 0.027915 0.027915 0.027915 0.031199 0.027915 0.019704 0.026273 0.152709 
0.536219 0.475138 0.027624 0.038674 0.022099 0.027624 0.022099 0.033149 0.049724 0.011050 0.027624 0.033149 0.049724 0.033149 0.022099 0.022099 0.016575 0.088398 
0.528176 0.502463 0.029557 0.026273 0.037767 0.050903 0.041051 0.041051 0.021346 0.024631 0.021346 0.037767 0.031199 0.031199 0.009852 0.039409 0.019704 0.034483 
0.520253 0.272578 0.165846 0.052545 0.067323 0.029557 0.027915 0.018062 0.024631 0.029557 0.027915 0.027915 0.037767 0.029557 0.049261 0.032841 0.037767 0.068966 
0.512449 0.153226 0.209677 0.104839 0.048387 0.032258 0.024194 0.040323 0.016129 0.008065 0.040323 0.040323 0.016129 0.024194 0.032258 0.032258 0.048387 0.129032 
0.504762 0.481117 0.032841 0.037767 0.031199 0.026273 0.049261 0.032841 0.024631 0.031199 0.029557 0.034483 0.041051 0.042693 0.018062 0.024631 0.036125 0.026273 
0.497191 0.274756 0.118550 0.020921 0.020921 0.029289 0.101813 0.034868 0.044630 0.022315 0.029289 0.032078 0.036262 0.036262 0.034868 0.023710 0.043236 0.096234 
0.489733 0.243697 0.100840 0.025210 0.176471 0.033613 0.042017 0.016807 0.016807 0.058824 0.016807 0.033613 0.033613 0.033613 0.000000 0.000000 0.033613 0.134454 
0.482387 0.484401 0.027915 0.034483 0.024631 0.027915 0.026273 0.034483 0.031199 0.029557 0.026273 0.034483 0.034483 0.026273 0.018062 0.032841 0.036125 0.070608 
0.475151 0.220222 0.096953 0.199446 0.054017 0.040166 0.040166 0.024931 0.023546 0.030471 0.034626 0.023546 0.030471 0.022161 0.027701 0.030471 0.030471 0.070637 
0.468024 0.195402 0.075534 0.064039 0.029557 0.041051 0.162562 0.034483 0.021346 0.024631 0.021346 0.032841 0.042693 0.021346 0.039409 0.032841 0.032841 0.128079 
0.461004 0.343186 0.070608 0.064039 0.024631 0.036125 0.072250 0.022989 0.039409 0.019704 0.027915 0.032841 0.029557 0.041051 0.034483 0.022989 0.034483 0.083744 
0.454089 0.269294 0.162562 0.036125 0.027915 0.022989 0.103448 0.022989 0.032841 0.034483 0.026273 0.026273 0.019704 0.037767 0.032841 0.022989 0.036125 0.085386 
0.447277 0.178982 0.175698 0.062397 0.078818 0.029557 0.067323 0.027915 0.031199 0.036125 0.022989 0.022989 0.031199 0.019704 0.034483 0.027915 0.029557 0.123153 
0.440568 0.256198 0.198347 0.148760 0.024793 0.000000 0.024793 0.033058 0.024793 0.024793 0.049587 0.016529 0.024793 0.016529 0.033058 0.033058 0.049587 0.041322 
0.433960 0.412151 0.164204 0.034483 0.036125 0.036125 0.026273 0.019704 0.036125 0.019704 0.032841 0.021346 0.036125 0.019704 0.029557 0.014778 0.041051 0.019704 
0.427450 0.300493 0.167488 0.042693 0.022989 0.024631 0.041051 0.024631 0.027915 0.029557 0.037767 0.026273 0.026273 0.021346 0.026273 0.029557 0.019704 0.131363 
0.421038 0.385321 0.064220 0.036697 0.027523 0.036697 0.018349 0.036697 0.055046 0.009174 0.027523 0.027523 0.036697 0.027523 0.018349 0.009174 0.027523 0.155963 
0.414723 0.102564 0.410256 0.018315 0.036630 0.043956 0.036630 0.040293 0.021978 0.043956 0.036630 0.025641 0.014652 0.025641 0.040293 0.040293 0.040293 0.021978 
0.408502 0.405583 0.123153 0.022989 0.032841 0.027915 0.034483 0.044335 0.036125 0.026273 0.031199 0.018062 0.032841 0.021346 0.037767 0.034483 0.014778 0.055829 
0.402374 0.353982 0.088496 0.035398 0.017699 0.053097 0.008850 0.053097 0.017699 0.061947 0.061947 0.026549 0.035398 0.044248 0.044248 0.035398 0.035398 0.026549 
0.396339 0.390805 0.036125 0.024631 0.041051 0.027915 0.039409 0.037767 0.031199 0.047619 0.019704 0.037767 0.027915 0.026273 0.018062 0.019704 0.032841 0.141215 
0.390394 0.420361 0.049261 0.027915 0.026273 0.021346 0.022989 0.037767 0.024631 0.019704 0.042693 0.041051 0.029557 0.044335 0.024631 0.037767 0.024631 0.105090 
0.384538 0.482143 0.026786 0.035714 0.026786 0.008929 0.035714 0.035714 0.017857 0.017857 0.026786 0.035714 0.008929 0.026786 0.017857 0.017857 0.035714 0.142857 
0.378770 0.481994 0.033241 0.034626 0.026316 0.026316 0.023546 0.033241 0.037396 0.016620 0.034626 0.031856 0.034626 0.040166 0.034626 0.033241 0.027701 0.049861 
0.373088 0.339130 0.269565 0.008696 0.017391 0.043478 0.043478 0.043478 0.000000 0.026087 0.034783 0.008696 0.026087 0.026087 0.043478 0.034783 0.017391 0.017391 
0.367492 0.295567 0.205255 0.019704 0.026273 0.037767 0.036125 0.022989 0.034483 0.034483 0.032841 0.026273 0.037767 0.026273 0.019704 0.024631 0.041051 0.078818 
0.361980 0.256881 0.073394 0.082569 0.009174 0.045872 0.027523 0.009174 0.018349 0.036697 0.018349 0.045872 0.027523 0.064220 0.036697 0.000000 0.018349 0.229358 
0.356550 0.303704 0.044444 0.229630 0.029630 0.044444 0.037037 0.014815 0.022222 0.029630 0.022222 0.044444 0.014815 0.029630 0.029630 0.037037 0.022222 0.044444 
0.351202 0.505747 0.027915 0.039409 0.024631 0.026273 0.037767 0.022989 0.031199 0.042693 0.039409 0.027915 0.031199 0.022989 0.032841 0.032841 0.031199 0.022989 
0.345934 0.290640 0.164204 0.022989 0.029557 0.034483 0.064039 0.108374 0.026273 0.032841 0.021346 0.032841 0.024631 0.031199 0.016420 0.022989 0.024631 0.052545 
0.340745 0.268908 0.109244 0.033613 0.033613 0.092437 0.033613 0.025210 0.000000 0.042017 0.042017 0.025210 0.042017 0.058824 0.092437 0.008403 0.025210 0.067227 
0.335633 0.256158 0.249589 0.037767 0.029557 0.019704 0.037767 0.022989 0.031199 0.022989 0.041051 0.031199 0.039409 0.044335 0.027915 0.018062 0.022989 0.067323 
0.330599 0.328407 0.183908 0.029557 0.052545 0.021346 0.014778 0.031199 0.026273 0.031199 0.031199 0.032841 0.027915 0.036125 0.029557 0.037767 0.024631 0.060755 
