157848.342843 0.002191 0.024487 0.048065 0.034917 0.040223 0.086853 0.016393 0.073346 0.066436 0.034573 0.195296 0.171081 0.164067 0.037250 0.004823 0.000000 0.000000 
134171.091416 0.000408 0.022403 0.023267 0.040965 0.017678 0.029083 0.032016 0.076861 0.120532 0.079543 0.188878 0.121388 0.143355 0.000000 0.103625 0.000000 0.000000 
114045.427704 0.000750 0.010349 0.042806 0.021063 0.028644 0.031490 0.035092 0.077520 0.156044 0.158598 0.059403 0.066087 0.060080 0.078205 0.173868 0.000000 0.000000 
96938.613548 0.001019 0.006811 0.005238 0.040868 0.024002 0.035988 0.031749 0.068044 0.220664 0.104524 0.041852 0.093193 0.138426 0.093374 0.094250 0.000000 0.000000 
82397.821516 0.000770 0.004860 0.008942 0.044834 0.034314 0.026799 0.042197 0.019051 0.128071 0.095045 0.159554 0.079203 0.099915 0.122843 0.133602 0.000000 0.000000 
70038.148289 0.000879 0.008451 0.011686 0.022338 0.032858 0.058310 0.076503 0.029809 0.064591 0.095311 0.069519 0.124946 0.081955 0.184375 0.138469 0.000000 0.000000 
59532.426045 0.000772 0.011437 0.030824 0.017676 0.025649 0.088627 0.072074 0.041268 0.035515 0.100248 0.054538 0.152476 0.106740 0.112285 0.149869 0.000000 0.000000 
50602.562139 0.000754 0.012592 0.021408 0.007345 0.007282 0.041226 0.053452 0.067873 0.044105 0.136494 0.065526 0.066966 0.148129 0.134490 0.192358 0.000000 0.000000 
43012.177818 0.000659 0.006382 0.006235 0.021380 0.026563 0.039356 0.066268 0.062890 0.090778 0.080205 0.049767 0.125477 0.068670 0.118834 0.236536 0.000000 0.000000 
36560.351145 0.000663 0.006234 0.012350 0.015021 0.039471 0.037101 0.051745 0.073916 0.069610 0.085388 0.060335 0.117373 0.118106 0.119025 0.193662 0.000000 0.000000 
31076.298473 0.000603 0.005100 0.016179 0.020557 0.037802 0.018436 0.042114 0.077281 0.046099 0.103280 0.072889 0.111615 0.197444 0.085775 0.164826 0.000000 0.000000 
26414.853702 0.000517 0.006956 0.013879 0.003628 0.024563 0.033913 0.087258 0.054619 0.047770 0.093155 0.090332 0.073795 0.171025 0.101536 0.197055 0.000000 0.000000 
22452.625647 0.000649 0.011152 0.002497 0.033837 0.028977 0.017047 0.050027 0.126794 0.035634 0.107041 0.133664 0.054547 0.144217 0.122226 0.131690 0.000000 0.000000 
19084.731800 0.000306 0.006500 0.009202 0.026968 0.037939 0.033011 0.031579 0.057615 0.056154 0.103824 0.140281 0.099523 0.150680 0.145844 0.100574 0.000000 0.000000 
16222.022030 0.000626 0.013307 0.028362 0.067480 0.060769 0.067547 0.065201 0.078500 0.019089 0.195552 0.066984 0.103023 0.096248 0.137310 0.000000 0.000001 0.000000 
13788.718725 0.000511 0.010584 0.025449 0.029623 0.059702 0.036576 0.060720 0.043415 0.104717 0.101977 0.086303 0.162535 0.110709 0.154579 0.012601 0.000000 0.000000 
11720.410917 0.001031 0.002788 0.024287 0.047164 0.043132 0.115118 0.042574 0.043686 0.039886 0.091004 0.145205 0.117983 0.026694 0.064039 0.195407 0.000000 0.000000 
9962.349279 0.000332 0.007856 0.010457 0.017595 0.049475 0.029501 0.065992 0.071903 0.092659 0.161252 0.031955 0.075351 0.074500 0.123459 0.187712 0.000000 0.000000 
8467.996887 0.003777 0.004186 0.033478 0.051860 0.064008 0.085264 0.046215 0.104096 0.042652 0.077157 0.152796 0.049636 0.041399 0.080032 0.163442 0.000000 0.000000 
7197.797354 0.000258 0.003847 0.017845 0.012206 0.037540 0.051801 0.056389 0.061630 0.066666 0.070217 0.243389 0.039410 0.060546 0.088563 0.189693 0.000000 0.000000 
6118.127751 0.000496 0.014905 0.009868 0.025511 0.021134 0.062818 0.027060 0.054502 0.086235 0.052637 0.118304 0.134787 0.097360 0.137181 0.157202 0.000000 0.000000 
5200.408588 0.000000 0.007929 0.010532 0.033363 0.104070 0.071478 0.080417 0.070211 0.068554 0.042538 0.050846 0.218257 0.074581 0.059024 0.108201 0.000000 0.000000 
4420.347300 0.000096 0.009324 0.016672 0.011452 0.017314 0.045314 0.096811 0.078122 0.062313 0.098584 0.100429 0.159056 0.118897 0.093106 0.092511 0.000000 0.000000 
3757.295205 0.001400 0.010870 0.026611 0.027093 0.037027 0.034386 0.075530 0.057358 0.086799 0.070491 0.054603 0.077726 0.108452 0.180411 0.151244 0.000000 0.000000 
3193.700924 0.000934 0.008605 0.022052 0.031270 0.022806 0.039955 0.052459 0.064574 0.112745 0.071910 0.065726 0.098709 0.125830 0.127026 0.155398 0.000000 0.000000 
2714.645786 0.001015 0.013802 0.004759 0.056799 0.000882 0.002429 0.036944 0.049387 0.109721 0.080981 0.071660 0.050209 0.071989 0.417783 0.031639 0.000001 0.000000 
2307.448918 0.000075 0.016275 0.007717 0.036883 0.040469 0.030697 0.044823 0.099741 0.069997 0.091600 0.046039 0.025671 0.146729 0.275197 0.068085 0.000000 0.000001 
1961.331580 0.000253 0.017162 0.000763 0.013910 0.039252 0.056564 0.075002 0.118719 0.077740 0.047789 0.019640 0.053856 0.184376 0.127869 0.167106 0.000000 0.000000 
1667.131843 0.001010 0.009037 0.004102 0.059838 0.063153 0.039893 0.083653 0.026007 0.055743 0.119755 0.110872 0.044978 0.023538 0.228143 0.130278 0.000000 0.000000 
1417.062067 0.001013 0.033398 0.011758 0.041024 0.046562 0.041927 0.097370 0.071585 0.067186 0.155533 0.143850 0.098261 0.048953 0.108742 0.032837 0.000000 0.000000 
1204.502757 0.001150 0.013643 0.027477 0.058960 0.040176 0.066545 0.076594 0.110106 0.084604 0.122122 0.080680 0.104741 0.060340 0.082187 0.070674 0.000001 0.000000 
1023.827343 0.000448 0.015904 0.010050 0.054941 0.042617 0.000000 0.102278 0.055867 0.064551 0.041462 0.024960 0.222342 0.051406 0.117449 0.195722 0.000000 0.000000 
870.253242 0.000796 0.015294 0.058871 0.019148 0.015964 0.047234 0.117704 0.062275 0.133531 0.016750 0.105874 0.293713 0.060261 0.052585 0.000000 0.000000 0.000000 
739.715255 0.001104 0.011148 0.045624 0.020744 0.016400 0.086221 0.136372 0.070436 0.115105 0.042296 0.073528 0.151613 0.125882 0.084211 0.019316 0.000000 0.000000 
628.757967 0.000993 0.013825 0.036927 0.035725 0.014407 0.041412 0.125156 0.025960 0.111505 0.082659 0.172734 0.094969 0.126620 0.087750 0.029356 0.000000 0.000000 
543.059460 0.002095 0.005491 0.007058 0.051714 0.059495 0.088695 0.038623 0.106103 0.071031 0.174891 0.114070 0.056416 0.115427 0.108892 0.000000 0.000000 0.000000 
461.600541 0.000420 0.004231 0.018429 0.035413 0.058477 0.074486 0.056376 0.072552 0.142695 0.095633 0.083855 0.113358 0.130377 0.105029 0.008668 0.000000 0.000000 
392.360459 0.001041 0.023960 0.063969 0.026814 0.034166 0.073775 0.057735 0.059077 0.178964 0.135226 0.131401 0.096623 0.087801 0.028956 0.000493 0.000000 0.000000 
333.506391 0.001064 0.015677 0.038751 0.060044 0.063161 0.125986 0.040566 0.065576 0.103725 0.095381 0.168320 0.053194 0.070428 0.067453 0.030675 0.000000 0.000000 
283.480432 0.000188 0.012816 0.037549 0.013411 0.048145 0.000000 0.069145 0.063526 0.178537 0.177452 0.065222 0.000000 0.099359 0.011220 0.223430 0.000000 0.000000 
240.958367 0.002350 0.033995 0.066068 0.034318 0.088109 0.082006 0.114313 0.059197 0.140931 0.010226 0.021611 0.021554 0.152798 0.071578 0.100946 0.000000 0.000000 
204.814612 0.002420 0.010836 0.015801 0.021307 0.218663 0.057770 0.095183 0.120968 0.129513 0.000000 0.070389 0.052726 0.063483 0.068849 0.072092 0.000000 0.000000 
174.092420 0.001452 0.009981 0.032522 0.039246 0.111267 0.024128 0.093175 0.144282 0.082512 0.039007 0.073166 0.077706 0.161970 0.030766 0.078819 0.000000 0.000000 
147.978557 0.000825 0.013671 0.040678 0.060151 0.129980 0.048407 0.066580 0.102705 0.076971 0.145773 0.120300 0.032980 0.101596 0.015486 0.043898 0.000000 0.000000 
125.781774 0.000924 0.025257 0.032993 0.068919 0.072872 0.057315 0.097960 0.017112 0.068066 0.218177 0.159724 0.036264 0.071163 0.042260 0.030994 0.000000 0.000000 
106.914508 0.001689 0.028792 0.037823 0.067480 0.141395 0.045368 0.099263 0.106972 0.081218 0.119065 0.025269 0.108485 0.083107 0.038602 0.015472 0.000000 0.000000 
90.877331 0.001697 0.021467 0.063439 0.019564 0.075588 0.064273 0.078318 0.178349 0.173057 0.000000 0.044537 0.272156 0.007554 0.000000 0.000000 0.000000 0.000000 
77.245732 0.002200 0.040657 0.029894 0.048400 0.160808 0.045203 0.130171 0.168893 0.068419 0.050075 0.041152 0.166365 0.006547 0.000000 0.041217 0.000000 0.000000 
65.658872 0.012334 0.033952 0.128492 0.085086 0.138321 0.185310 0.032750 0.078994 0.047629 0.212066 0.001641 0.018612 0.000000 0.024803 0.000000 0.000000 0.000010 
55.810041 0.003605 0.038317 0.151988 0.122209 0.132105 0.039724 0.000000 0.084612 0.163928 0.164545 0.002429 0.003202 0.013436 0.056503 0.023398 0.000000 0.000000 
48.887651 0.002301 0.051296 0.158943 0.176987 0.128176 0.080205 0.036069 0.120334 0.103900 0.051373 0.024076 0.017030 0.002676 0.020025 0.026499 0.000107 0.000000 
42.613290 0.002138 0.060752 0.173170 0.104412 0.089404 0.131281 0.106364 0.061597 0.088252 0.033901 0.024953 0.055016 0.009568 0.033458 0.025613 0.000120 0.000000 
36.827008 0.001888 0.031497 0.123548 0.076776 0.127094 0.177599 0.107699 0.104052 0.136405 0.000000 0.037146 0.034317 0.041133 0.000000 0.000846 0.000000 0.000000 
32.496064 0.004944 0.060446 0.113863 0.048430 0.080372 0.166499 0.157352 0.120728 0.099392 0.040318 0.007715 0.062190 0.018913 0.015356 0.003483 0.000000 0.000000 
28.337462 0.004752 0.049638 0.098652 0.052979 0.240082 0.017545 0.202397 0.105317 0.059945 0.013566 0.000000 0.145677 0.002560 0.006890 0.000000 0.000000 0.000000 
24.808740 0.005278 0.068060 0.101220 0.146665 0.134903 0.052478 0.151727 0.169243 0.074863 0.034933 0.012655 0.012110 0.007652 0.026875 0.000000 0.001339 0.000000 
21.928931 0.002069 0.054873 0.135010 0.149766 0.151613 0.046252 0.072848 0.151110 0.088080 0.016013 0.042506 0.035969 0.029011 0.024880 0.000000 0.000000 0.000000 
20.046544 0.003455 0.066325 0.216222 0.052464 0.190671 0.130345 0.035229 0.070539 0.093676 0.000000 0.025541 0.021329 0.094204 0.000000 0.000000 0.000000 0.000000 
18.544296 0.008208 0.055158 0.137511 0.083825 0.066345 0.289349 0.029246 0.114607 0.051190 0.013223 0.071527 0.029579 0.044768 0.000000 0.005464 0.000000 0.000000 
17.154221 0.000460 0.106542 0.122986 0.072693 0.094412 0.177109 0.041439 0.275067 0.000000 0.000000 0.109291 0.000000 0.000000 0.000000 0.000000 0.000000 0.000000 
15.927229 0.004491 0.053772 0.170671 0.065651 0.131034 0.119708 0.044857 0.200654 0.038652 0.000000 0.127582 0.042929 0.000000 0.000000 0.000000 0.000000 0.000000 
14.604057 0.012314 0.177040 0.298419 0.170135 0.066984 0.053485 0.100088 0.112522 0.009014 0.000000 0.000000 0.000000 0.000000 0.000000 0.000000 0.000000 0.000000 
13.373312 0.003771 0.244744 0.252238 0.206425 0.077389 0.049479 0.048465 0.079370 0.013592 0.003063 0.000000 0.000000 0.000000 0.021463 0.000000 0.000000 0.000000 
12.343186 0.002563 0.141429 0.215011 0.279222 0.076596 0.036233 0.083983 0.048306 0.045444 0.029713 0.012868 0.013127 0.015505 0.000000 0.000000 0.000000 0.000000 
11.472191 0.004292 0.112024 0.155725 0.271667 0.079011 0.113387 0.087879 0.033212 0.066620 0.053198 0.007426 0.001725 0.013833 0.000000 0.000000 0.000000 0.000000 
10.679326 0.008904 0.091977 0.207482 0.144910 0.084045 0.170610 0.083744 0.059652 0.021633 0.073467 0.053575 0.000000 0.000000 0.000000 0.000000 0.000000 0.000000 
9.902235 0.010309 0.078031 0.216102 0.167289 0.094058 0.193398 0.029594 0.098526 0.043564 0.003268 0.065860 0.000000 0.000000 0.000000 0.000000 0.000000 0.000000 
9.294728 0.004387 0.066954 0.363157 0.085292 0.051501 0.252585 0.056610 0.028348 0.032694 0.000000 0.058472 0.000000 0.000000 0.000000 0.000000 0.000000 0.000000 
8.731911 0.003564 0.061354 0.387284 0.055407 0.168737 0.139839 0.042249 0.062669 0.057611 0.001344 0.004235 0.000000 0.000000 0.000000 0.000000 0.010545 0.005163 
8.303810 0.015022 0.154715 0.267935 0.113054 0.157197 0.124363 0.046060 0.077782 0.022204 0.005030 0.015264 0.001375 0.000000 0.000000 0.000000 0.000000 0.000000 
7.839590 0.062313 0.206350 0.157469 0.225965 0.214093 0.049263 0.067989 0.005395 0.000000 0.000000 0.000000 0.000000 0.000000 0.000000 0.000000 0.011163 0.000000 
7.534155 0.004512 0.117542 0.181335 0.228074 0.132154 0.077179 0.176842 0.058453 0.000000 0.001807 0.000000 0.000000 0.000000 0.000000 0.000000 0.022101 0.000000 
7.313521 0.006511 0.122114 0.205559 0.098943 0.206390 0.146658 0.068026 0.084693 0.000000 0.000000 0.000000 0.000000 0.024965 0.000000 0.021876 0.014263 0.000000 
6.957077 0.099500 0.178850 0.129891 0.125627 0.206828 0.080446 0.132016 0.012030 0.011044 0.000000 0.000000 0.000000 0.000000 0.000000 0.000000 0.023767 0.000000 
6.739129 0.037035 0.119693 0.104359 0.209041 0.139390 0.127271 0.153389 0.072912 0.004067 0.003587 0.000000 0.000000 0.000000 0.000000 0.000000 0.029255 0.000000 
6.423006 0.009858 0.274207 0.158261 0.055484 0.088043 0.169738 0.020725 0.133632 0.005937 0.079063 0.000000 0.000000 0.000000 0.000000 0.000000 0.005052 0.000000 
6.196823 0.005453 0.238628 0.200658 0.050157 0.152018 0.013077 0.025294 0.091626 0.003229 0.015855 0.000000 0.000000 0.000000 0.000000 0.000000 0.087086 0.116919 
6.103871 0.004751 0.264429 0.204239 0.108638 0.100202 0.055840 0.008597 0.027272 0.035891 0.000000 0.000000 0.000000 0.037831 0.000000 0.000000 0.152312 0.000000 
5.988079 0.048478 0.155181 0.333963 0.182123 0.119419 0.063247 0.015653 0.052110 0.028582 0.000000 0.000000 0.000000 0.000730 0.000000 0.000000 0.000513 0.000000 
5.782417 0.061639 0.132802 0.217263 0.124911 0.179135 0.043662 0.083095 0.043149 0.015282 0.059666 0.000000 0.000000 0.000000 0.022467 0.000000 0.000210 0.016720 
5.550192 0.027269 0.122848 0.151764 0.131988 0.243654 0.053735 0.102006 0.061596 0.024042 0.075633 0.001100 0.004364 0.000000 0.000000 0.000000 0.000000 0.000000 
5.334199 0.012509 0.105609 0.165107 0.115119 0.274489 0.065521 0.102592 0.074232 0.011849 0.017227 0.000000 0.003123 0.000000 0.000000 0.000000 0.031748 0.020875 
5.126115 0.009082 0.138787 0.178116 0.211008 0.231222 0.078452 0.059836 0.034278 0.000000 0.044282 0.000000 0.000000 0.000000 0.000000 0.000000 0.014937 0.000000 
4.908426 0.026127 0.137219 0.181791 0.188079 0.214310 0.060478 0.030890 0.036522 0.057543 0.044924 0.000000 0.007424 0.000000 0.000000 0.000000 0.000000 0.014693 
4.714755 0.040823 0.126585 0.225986 0.109179 0.209926 0.039390 0.045162 0.099793 0.034851 0.036063 0.000000 0.000000 0.000000 0.000000 0.000000 0.000000 0.032242 
4.551028 0.072452 0.202106 0.184452 0.111536 0.221225 0.038344 0.061047 0.055041 0.006039 0.012012 0.000000 0.000000 0.000000 0.000000 0.000000 0.000000 0.035744 
4.390845 0.058491 0.186626 0.330573 0.155227 0.070991 0.053678 0.036828 0.063941 0.025390 0.006216 0.000000 0.000000 0.000000 0.000000 0.000000 0.012040 0.000000 
4.261371 0.014629 0.194636 0.362834 0.158367 0.050176 0.050319 0.022397 0.129212 0.000000 0.000000 0.000000 0.017430 0.000000 0.000000 0.000000 0.000000 0.000000 
4.111044 0.005914 0.166944 0.245192 0.138486 0.111712 0.039212 0.144855 0.041905 0.079008 0.000246 0.008748 0.000000 0.000000 0.000000 0.000000 0.017779 0.000000 
3.984925 0.009977 0.301210 0.062915 0.189190 0.163496 0.000000 0.211361 0.012475 0.015034 0.015272 0.000000 0.014668 0.000000 0.000000 0.000000 0.004402 0.000000 
3.851403 0.016600 0.358221 0.105488 0.099867 0.167422 0.043665 0.134875 0.000000 0.000000 0.044465 0.000000 0.000000 0.000000 0.000000 0.000000 0.013891 0.015504 
3.744550 0.027169 0.105673 0.236168 0.086428 0.216977 0.140354 0.070438 0.013095 0.033162 0.004644 0.035364 0.000000 0.000000 0.000000 0.000000 0.000000 0.030529 
3.628691 0.080838 0.098900 0.189209 0.116394 0.185004 0.102041 0.105526 0.044627 0.041432 0.002309 0.006573 0.000000 0.000000 0.000000 0.000000 0.008102 0.019046 
3.525241 0.115754 0.146072 0.139848 0.180479 0.094875 0.133569 0.115455 0.065759 0.002314 0.000000 0.000000 0.000886 0.000000 0.000000 0.000000 0.000052 0.004937 
3.472363 0.136095 0.252305 0.008411 0.213210 0.223478 0.064382 0.063160 0.018774 0.018608 0.000000 0.000000 0.000000 0.000000 0.000000 0.000000 0.000005 0.001571 
3.420277 0.074067 0.260420 0.035452 0.221428 0.125116 0.115529 0.074627 0.008972 0.066638 0.000000 0.000000 0.001582 0.000000 0.000000 0.000000 0.000007 0.016163 
3.368973 0.234548 0.196460 0.129130 0.378533 0.057055 0.000000 0.000000 0.000000 0.000000 0.000000 0.000000 0.000000 0.000000 0.000000 0.000000 0.000010 0.004262 
3.188161 0.166768 0.222454 0.032474 0.216809 0.135857 0.019356 0.000000 0.000000 0.000000 0.200742 0.000000 0.000000 0.000000 0.000000 0.000000 0.000001 0.005539 
3.089807 0.116424 0.390979 0.121759 0.126782 0.095256 0.053695 0.000000 0.000000 0.000000 0.074101 0.000000 0.000000 0.000000 0.000000 0.000000 0.000043 0.020962 
3.043460 0.098254 0.297142 0.238833 0.098141 0.031936 0.172318 0.021609 0.039506 0.000000 0.000000 0.000000 0.000000 0.000000 0.000000 0.000000 0.000058 0.002204 
2.997808 0.023204 0.053066 0.705230 0.109697 0.000000 0.084671 0.000000 0.005436 0.018073 0.000000 0.000582 0.000000 0.000000 0.000000 0.000000 0.000001 0.000041 
2.929457 0.049394 0.178815 0.439640 0.206989 0.000000 0.087510 0.000000 0.031608 0.000000 0.004478 0.000000 0.000000 0.000000 0.000000 0.000000 0.000006 0.001559 
2.885515 0.122575 0.298798 0.300730 0.006448 0.000000 0.000000 0.000000 0.270265 0.000000 0.000000 0.000000 0.000000 0.000000 0.000000 0.000000 0.001035 0.000148 
2.811091 0.184515 0.391254 0.284747 0.000000 0.055045 0.008983 0.021732 0.028993 0.021716 0.000000 0.000000 0.000000 0.000000 0.000000 0.000000 0.000006 0.003008 
2.768925 0.099386 0.383895 0.190184 0.105416 0.070746 0.034961 0.079699 0.022036 0.000000 0.000000 0.000000 0.000000 0.000000 0.000000 0.000000 0.000028 0.013648 
2.727391 0.111043 0.485753 0.099628 0.186223 0.030420 0.029299 0.033761 0.020754 0.000000 0.000000 0.000000 0.000000 0.000000 0.000000 0.000000 0.000005 0.003112 
2.686480 0.089805 0.440923 0.196699 0.091345 0.084878 0.035722 0.022147 0.017787 0.000000 0.000000 0.000000 0.000000 0.000000 0.000000 0.000000 0.000012 0.020683 
2.646183 0.160475 0.289902 0.310298 0.124836 0.043690 0.053111 0.000000 0.004223 0.003157 0.000000 0.000000 0.000000 0.000000 0.000000 0.000000 0.000007 0.010303 
2.606490 0.087482 0.381151 0.192681 0.249174 0.000000 0.000000 0.017546 0.054104 0.000000 0.017626 0.000000 0.000000 0.000000 0.000000 0.000000 0.000006 0.000230 
2.552689 0.115595 0.321645 0.252298 0.127423 0.019782 0.002151 0.028243 0.126439 0.004823 0.000000 0.000000 0.000000 0.000000 0.000000 0.000000 0.000044 0.001559 
2.514399 0.115031 0.218463 0.391329 0.050750 0.111312 0.008118 0.010695 0.037416 0.000000 0.036573 0.000000 0.000000 0.000000 0.000000 0.000000 0.000013 0.020302 
2.476683 0.244147 0.039075 0.241800 0.313599 0.158259 0.000000 0.000000 0.000000 0.000000 0.000000 0.000000 0.000000 0.000000 0.000000 0.000000 0.000004 0.003116 
2.428735 0.222315 0.067009 0.259944 0.273439 0.114979 0.038763 0.000000 0.011251 0.000000 0.000000 0.000000 0.000000 0.000000 0.000000 0.000000 0.000025 0.012274 
2.392304 0.110928 0.321036 0.252398 0.045391 0.004128 0.080220 0.054717 0.000000 0.000000 0.112978 0.000000 0.000000 0.000000 0.000000 0.000000 0.000014 0.018192 
2.356419 0.098222 0.352749 0.074538 0.095138 0.044431 0.134665 0.003335 0.049672 0.016765 0.068341 0.000000 0.000000 0.000000 0.000000 0.000000 0.000005 0.062139 
2.321073 0.210374 0.135375 0.171461 0.180365 0.022206 0.160778 0.000000 0.075890 0.003467 0.000000 0.016148 0.000000 0.000000 0.000000 0.000000 0.000094 0.023842 
2.286257 0.260914 0.193388 0.194496 0.122712 0.075879 0.125475 0.000000 0.000000 0.025442 0.000000 0.000000 0.000000 0.000000 0.000000 0.000000 0.000030 0.001664 
2.251963 0.113631 0.579915 0.219931 0.086480 0.000000 0.000000 0.000000 0.000000 0.000000 0.000000 0.000000 0.000000 0.000000 0.000000 0.000000 0.000000 0.000044 
2.203904 0.139800 0.409961 0.337203 0.057247 0.026470 0.006220 0.013675 0.000000 0.000000 0.000000 0.000000 0.000000 0.000000 0.000000 0.000000 0.000013 0.009411 
2.170846 0.159314 0.261210 0.193284 0.132431 0.123876 0.024807 0.032260 0.000000 0.000000 0.023459 0.039474 0.000000 0.000000 0.000000 0.000000 0.000008 0.009876 
2.138283 0.152667 0.384333 0.023240 0.276645 0.000000 0.008155 0.142754 0.011503 0.000000 0.000000 0.000000 0.000000 0.000000 0.000000 0.000000 0.000009 0.000694 
2.099238 0.282123 0.284672 0.028063 0.269295 0.034923 0.037169 0.047974 0.000000 0.000000 0.011230 0.000000 0.000000 0.000000 0.000000 0.000000 0.000063 0.004488 
2.067750 0.173511 0.352507 0.088007 0.312686 0.000000 0.072805 0.000000 0.000000 0.000000 0.000000 0.000000 0.000000 0.000000 0.000000 0.000000 0.000000 0.000485 
2.036733 0.204397 0.429153 0.155316 0.133635 0.000000 0.025473 0.024491 0.007369 0.000000 0.000000 0.000000 0.000000 0.000000 0.000000 0.000000 0.000017 0.020148 
2.006182 0.165470 0.400541 0.129785 0.104308 0.053590 0.035270 0.051144 0.036321 0.000000 0.000000 0.000000 0.000000 0.000000 0.000000 0.000000 0.000122 0.023448 
1.976090 0.086064 0.366507 0.025817 0.125192 0.081140 0.155655 0.078807 0.040434 0.003593 0.000000 0.000000 0.000000 0.000000 0.000000 0.000000 0.000053 0.036738 
1.946448 0.146388 0.642587 0.000000 0.169111 0.000000 0.000000 0.000000 0.008796 0.000000 0.000000 0.000000 0.000000 0.000000 0.000000 0.000000 0.000001 0.033117 
1.917252 0.135655 0.633090 0.051703 0.095608 0.024208 0.038459 0.000000 0.013286 0.000000 0.000000 0.000000 0.000000 0.000000 0.000000 0.000000 0.000006 0.007985 
1.884911 0.162168 0.245629 0.233683 0.146348 0.179090 0.007924 0.000000 0.000000 0.000000 0.000000 0.000000 0.000000 0.000000 0.000000 0.000000 0.000012 0.025146 
1.856638 0.247257 0.265142 0.168007 0.183903 0.094316 0.000000 0.000000 0.000000 0.000000 0.000000 0.000000 0.000000 0.000000 0.000000 0.000000 0.000005 0.041371 
1.828788 0.161911 0.330863 0.137895 0.183875 0.161591 0.004271 0.007048 0.000000 0.000000 0.000000 0.000000 0.000000 0.000000 0.000000 0.000000 0.000009 0.012538 
1.801356 0.081662 0.652690 0.035946 0.125055 0.067143 0.015076 0.000000 0.000000 0.000000 0.000000 0.000000 0.000000 0.000000 0.000000 0.000000 0.000001 0.022428 
1.769619 0.256329 0.560847 0.042137 0.078126 0.016781 0.000285 0.007320 0.014694 0.000000 0.000000 0.000000 0.000000 0.000000 0.000000 0.000000 0.000002 0.023480 
1.743075 0.275308 0.362386 0.130561 0.056055 0.090048 0.000000 0.073160 0.000000 0.000000 0.000000 0.000000 0.000000 0.000000 0.000000 0.000000 0.000004 0.012477 
1.716929 0.210374 0.223096 0.181667 0.000000 0.365468 0.000000 0.019038 0.000000 0.000000 0.000000 0.000000 0.000000 0.000000 0.000000 0.000000 0.000039 0.000319 
1.691175 0.270818 0.338592 0.248360 0.057661 0.037442 0.002246 0.014636 0.022894 0.000000 0.000000 0.000000 0.000000 0.000000 0.000000 0.000000 0.000008 0.007343 
1.665807 0.230900 0.274988 0.186309 0.195669 0.002844 0.041097 0.048921 0.012997 0.000000 0.000000 0.000000 0.000000 0.000000 0.000000 0.000000 0.000054 0.006222 
1.640820 0.218444 0.304821 0.214374 0.159247 0.061309 0.000000 0.035799 0.000000 0.000000 0.000000 0.000000 0.000000 0.000000 0.000000 0.000000 0.000006 0.006000 
1.616208 0.176647 0.439151 0.148698 0.056886 0.101216 0.026665 0.015653 0.000000 0.021519 0.000000 0.000000 0.000000 0.000000 0.000000 0.000000 0.000049 0.013516 
1.591965 0.205570 0.581656 0.042305 0.170280 0.000000 0.000000 0.000000 0.000000 0.000000 0.000000 0.000000 0.000000 0.000000 0.000000 0.000000 0.000182 0.000006 
1.568085 0.241113 0.556026 0.035267 0.055609 0.014125 0.002363 0.055646 0.000000 0.001229 0.000000 0.003429 0.021689 0.000000 0.000000 0.000000 0.000052 0.013452 
1.544564 0.244932 0.491036 0.048964 0.019479 0.037402 0.087689 0.059709 0.000000 0.002789 0.000000 0.000000 0.000000 0.000000 0.000000 0.000000 0.000024 0.007974 
1.521396 0.357620 0.329740 0.099557 0.095567 0.061254 0.011990 0.000000 0.001992 0.019940 0.000000 0.000000 0.000000 0.000000 0.000000 0.000000 0.000013 0.022326 
1.498575 0.222972 0.182543 0.291976 0.205898 0.008885 0.087087 0.000000 0.000000 0.000000 0.000000 0.000000 0.000000 0.000000 0.000000 0.000000 0.000002 0.000638 
1.476096 0.369347 0.285975 0.201732 0.123338 0.000000 0.005045 0.000000 0.000000 0.000000 0.000000 0.000000 0.000000 0.000000 0.000000 0.000000 0.000017 0.014545 
1.453955 0.298799 0.443726 0.143621 0.036781 0.006760 0.000000 0.000000 0.000000 0.000000 0.000000 0.000000 0.000000 0.000000 0.000000 0.000000 0.000012 0.070301 
1.432145 0.193352 0.506775 0.182179 0.009861 0.021515 0.041575 0.020367 0.000000 0.000000 0.000000 0.000000 0.000000 0.000000 0.000000 0.000000 0.000015 0.024361 
1.410663 0.220176 0.398814 0.242990 0.044258 0.004472 0.055815 0.021151 0.004271 0.000000 0.000000 0.000000 0.000000 0.000000 0.000000 0.000000 0.000104 0.007950 
1.389503 0.163002 0.256256 0.412364 0.051608 0.052602 0.000000 0.062471 0.000000 0.000000 0.000000 0.000000 0.000000 0.000000 0.000000 0.000000 0.000006 0.001691 
1.368661 0.190594 0.214993 0.279471 0.096564 0.072618 0.000000 0.028444 0.000000 0.000000 0.000000 0.038703 0.000000 0.000000 0.000000 0.000000 0.000070 0.078543 
1.348131 0.135148 0.334562 0.219811 0.101987 0.000000 0.000000 0.000000 0.000000 0.000000 0.000000 0.000000 0.000000 0.000000 0.000000 0.000000 0.000036 0.208456 
1.327909 0.203598 0.385191 0.180494 0.114213 0.012503 0.046889 0.000000 0.020247 0.000000 0.000000 0.000000 0.000000 0.000000 0.000000 0.000000 0.000039 0.036825 
1.307990 0.364658 0.604888 0.000000 0.029728 0.000000 0.000000 0.000000 0.000000 0.000000 0.000000 0.000000 0.000000 0.000000 0.000000 0.000000 0.000019 0.000706 
1.288370 0.449520 0.489416 0.031714 0.014181 0.000000 0.000000 0.000000 0.008840 0.000000 0.000000 0.000000 0.000000 0.000000 0.000000 0.000000 0.000027 0.006302 
1.269045 0.434035 0.224932 0.255375 0.069178 0.000000 0.000000 0.000000 0.000000 0.000000 0.000000 0.000000 0.000000 0.000000 0.000000 0.000000 0.000006 0.016475 
1.250009 0.312127 0.171780 0.378452 0.061051 0.013537 0.018841 0.036195 0.000000 0.000000 0.000000 0.000000 0.000000 0.000000 0.000000 0.000000 0.000017 0.007999 
1.231259 0.308241 0.106856 0.322961 0.151091 0.000000 0.000000 0.052084 0.036906 0.000000 0.000000 0.000000 0.000000 0.000000 0.000000 0.000000 0.000122 0.021737 
1.212790 0.365499 0.245794 0.208692 0.131481 0.029433 0.000000 0.003966 0.000000 0.000000 0.000000 0.000000 0.000000 0.000000 0.000000 0.000000 0.000028 0.015106 
1.194598 0.418982 0.419746 0.047177 0.062265 0.049554 0.000000 0.000000 0.000000 0.000000 0.000000 0.000000 0.000000 0.000000 0.000000 0.000000 0.000005 0.002272 
1.176679 0.175604 0.602116 0.019844 0.044672 0.119346 0.000000 0.025600 0.000000 0.000000 0.000000 0.000000 0.000000 0.000000 0.000000 0.000000 0.000018 0.012799 
1.159029 0.321632 0.506173 0.062212 0.022643 0.033250 0.000000 0.000000 0.017946 0.000000 0.000000 0.000000 0.000000 0.000000 0.000000 0.000000 0.000023 0.036122 
1.141644 0.431080 0.261158 0.131550 0.141128 0.000000 0.008217 0.000000 0.010013 0.000000 0.000000 0.000000 0.000000 0.000000 0.000000 0.000000 0.000011 0.016844 
1.124519 0.413752 0.066688 0.342633 0.066674 0.000000 0.032175 0.000000 0.000000 0.000000 0.058368 0.000000 0.000000 0.000000 0.000000 0.000000 0.000005 0.019706 
1.107651 0.371757 0.136680 0.424965 0.005742 0.009757 0.029759 0.000000 0.000000 0.000000 0.000000 0.000000 0.000000 0.000000 0.000000 0.000000 0.000027 0.021313 
1.091036 0.275492 0.432633 0.229870 0.000000 0.012229 0.037766 0.000000 0.000000 0.000000 0.000000 0.000000 0.000000 0.000000 0.000000 0.000000 0.000011 0.012000 
1.074671 0.234653 0.436265 0.128143 0.041943 0.010197 0.098100 0.000000 0.020861 0.000000 0.000000 0.000000 0.000000 0.000000 0.000000 0.000000 0.000045 0.029792 
1.058551 0.413558 0.390530 0.036091 0.068585 0.000000 0.033099 0.000000 0.048737 0.000000 0.000000 0.000000 0.000000 0.000000 0.000000 0.000000 0.000050 0.009350 
1.042672 0.491503 0.325670 0.166290 0.013816 0.000000 0.000000 0.000000 0.000000 0.000000 0.000000 0.000000 0.000000 0.000000 0.000000 0.000000 0.000050 0.002670 
1.027032 0.358199 0.406287 0.102544 0.048901 0.000000 0.000000 0.077448 0.000000 0.000000 0.000000 0.000000 0.000000 0.000000 0.000000 0.000000 0.000052 0.006569 
1.011627 0.577457 0.285163 0.137345 0.000000 0.000000 0.000000 0.000000 0.000000 0.000000 0.000000 0.000000 0.000000 0.000000 0.000000 0.000000 0.000013 0.000022 
0.996453 0.430392 0.265842 0.236973 0.021640 0.034170 0.010845 0.000000 0.000000 0.000000 0.000000 0.000000 0.000000 0.000000 0.000000 0.000000 0.000009 0.000129 
0.981506 0.493512 0.248138 0.028699 0.184336 0.036566 0.002309 0.000000 0.000000 0.000000 0.000000 0.000000 0.000000 0.000000 0.000000 0.000000 0.000041 0.006400 
0.966783 0.207562 0.337874 0.000000 0.350405 0.000000 0.000000 0.103295 0.000000 0.000000 0.000000 0.000000 0.000000 0.000000 0.000000 0.000000 0.000008 0.000856 
0.952281 0.242383 0.370768 0.024681 0.270612 0.000000 0.000000 0.000000 0.000000 0.000000 0.000000 0.000000 0.000000 0.000000 0.000000 0.000000 0.000013 0.091544 
0.937997 0.200395 0.285334 0.226265 0.000000 0.000000 0.195248 0.000000 0.000000 0.000000 0.000000 0.000000 0.000000 0.000000 0.000000 0.000000 0.000001 0.092757 
0.923927 0.252782 0.243053 0.382565 0.000000 0.042434 0.030936 0.022941 0.000000 0.000000 0.000000 0.000000 0.000000 0.000000 0.000000 0.000000 0.000160 0.025129 
0.910068 0.303214 0.275120 0.320317 0.000000 0.061879 0.014781 0.021992 0.000000 0.000000 0.000000 0.000000 0.000000 0.000000 0.000000 0.000000 0.000007 0.002690 
0.896417 0.461391 0.255231 0.228072 0.000000 0.000432 0.053787 0.000000 0.000000 0.000000 0.000000 0.000000 0.000000 0.000000 0.000000 0.000000 0.000131 0.000956 
0.882971 0.602574 0.236187 0.121250 0.000000 0.000000 0.019720 0.005883 0.000000 0.000000 0.000000 0.000000 0.000000 0.000000 0.000000 0.000000 0.000218 0.014168 
0.869726 0.610571 0.151509 0.156078 0.000000 0.006780 0.000000 0.038121 0.000000 0.000000 0.000000 0.000000 0.000000 0.000000 0.000000 0.000000 0.000121 0.036820 
0.856681 0.394948 0.031608 0.287361 0.000000 0.000000 0.000000 0.282328 0.000000 0.000000 0.000000 0.000000 0.000000 0.000000 0.000000 0.000000 0.000026 0.003729 
0.843830 0.436413 0.080111 0.286511 0.000000 0.000000 0.000000 0.188761 0.000000 0.000000 0.000000 0.000000 0.000000 0.000000 0.000000 0.000000 0.000140 0.008065 
0.831173 0.681926 0.290343 0.025559 0.000000 0.000000 0.000000 0.000000 0.000000 0.000000 0.000000 0.000000 0.000000 0.000000 0.000000 0.000000 0.000013 0.002159 
0.818705 0.708144 0.262465 0.008050 0.000000 0.000191 0.000000 0.000000 0.017549 0.000000 0.000000 0.000000 0.000000 0.000000 0.000000 0.000000 0.000036 0.003565 
0.806425 0.538319 0.357749 0.000000 0.000000 0.025968 0.012777 0.015209 0.038636 0.000000 0.000000 0.000000 0.000000 0.000000 0.000000 0.000000 0.000120 0.011223 
0.794328 0.380170 0.364944 0.017075 0.068760 0.000000 0.045036 0.094288 0.000000 0.000000 0.000000 0.000000 0.000000 0.000000 0.000000 0.000000 0.000180 0.029546 
0.782413 0.416734 0.531302 0.000000 0.044588 0.000000 0.000000 0.000000 0.000000 0.000000 0.000000 0.000000 0.000000 0.000000 0.000000 0.000000 0.000016 0.007359 
0.770677 0.649968 0.189626 0.006044 0.078190 0.000000 0.040631 0.027499 0.000000 0.000000 0.000000 0.000000 0.000000 0.000000 0.000000 0.000000 0.000122 0.007921 
0.759117 0.499654 0.000000 0.171894 0.213236 0.000000 0.071551 0.000000 0.000000 0.000000 0.000000 0.000000 0.000000 0.000000 0.000000 0.000000 0.000002 0.043663 
0.747730 0.654913 0.070085 0.131879 0.042554 0.038762 0.024968 0.000000 0.000000 0.000000 0.000000 0.000000 0.000000 0.000000 0.000000 0.000000 0.000059 0.036780 
0.736514 0.446620 0.251701 0.105896 0.134375 0.022243 0.000000 0.000000 0.000000 0.000000 0.000000 0.000000 0.000000 0.000000 0.000000 0.000000 0.000030 0.039135 
0.725467 0.713532 0.009032 0.000000 0.267016 0.000000 0.000000 0.000000 0.000000 0.000000 0.000000 0.000000 0.000000 0.000000 0.000000 0.000000 0.000002 0.010418 
0.714585 0.816446 0.082564 0.026453 0.070374 0.000000 0.000000 0.000000 0.000000 0.000000 0.000000 0.000000 0.000000 0.000000 0.000000 0.000000 0.000011 0.004152 
0.703866 0.735625 0.219636 0.000000 0.000000 0.000000 0.000080 0.000000 0.000000 0.000000 0.000000 0.000000 0.000000 0.000000 0.000000 0.000000 0.000020 0.044638 
0.693308 0.726584 0.225645 0.003686 0.000000 0.000000 0.000000 0.000000 0.000000 0.000000 0.000000 0.000000 0.000000 0.000000 0.000000 0.000000 0.000378 0.043707 
0.682908 0.741399 0.119561 0.036766 0.000000 0.000000 0.000000 0.000000 0.000000 0.000000 0.000000 0.000000 0.000000 0.000000 0.000000 0.000000 0.000035 0.102240 
0.672665 0.678982 0.060578 0.147257 0.000000 0.000000 0.000000 0.000000 0.000000 0.000000 0.000000 0.000000 0.000000 0.000000 0.000000 0.000000 0.000018 0.113165 
0.662575 0.645945 0.229996 0.119174 0.000000 0.000000 0.000000 0.000000 0.000000 0.000000 0.000000 0.000000 0.000000 0.000000 0.000000 0.000000 0.000038 0.004846 
0.652636 0.684946 0.279767 0.024995 0.000000 0.000000 0.000000 0.000000 0.000000 0.000000 0.000000 0.000000 0.000000 0.000000 0.000000 0.000000 0.000034 0.010258 
0.642847 0.793394 0.162092 0.000000 0.017232 0.000000 0.013951 0.000000 0.000000 0.000000 0.000000 0.000000 0.000000 0.000000 0.000000 0.000000 0.000006 0.013325 
0.633204 0.895854 0.083630 0.000000 0.000000 0.000000 0.000000 0.000000 0.000000 0.000000 0.000000 0.000000 0.000000 0.000000 0.000000 0.000000 0.000010 0.020506 
0.623706 0.819153 0.160356 0.000000 0.000000 0.000000 0.000000 0.000000 0.000000 0.000000 0.000000 0.000000 0.000000 0.000000 0.000000 0.000000 0.000192 0.020299 
0.614350 0.867248 0.117494 0.000000 0.000000 0.000000 0.000000 0.000000 0.000000 0.000000 0.000000 0.000000 0.000000 0.000000 0.000000 0.000000 0.000036 0.015223 
0.605135 0.904604 0.056922 0.000000 0.000000 0.000000 0.000000 0.000000 0.000000 0.000000 0.000000 0.000000 0.000000 0.000000 0.000000 0.000000 0.000108 0.038366 
0.596058 0.699495 0.223033 0.013145 0.000000 0.000000 0.000000 0.000000 0.044929 0.000000 0.000000 0.000000 0.000000 0.000000 0.000000 0.000000 0.000010 0.019388 
0.587117 0.543720 0.311540 0.000000 0.037534 0.075902 0.000000 0.000000 0.000000 0.000000 0.000000 0.000000 0.000000 0.000000 0.000000 0.000000 0.001133 0.030171 
0.578310 0.601154 0.212706 0.059608 0.059810 0.000000 0.000000 0.000000 0.000000 0.000000 0.000000 0.000000 0.000000 0.000000 0.000000 0.000000 0.000015 0.066706 
0.569636 0.278671 0.000000 0.000000 0.304764 0.382806 0.000000 0.000000 0.000000 0.000000 0.000000 0.000000 0.000000 0.000000 0.000000 0.000000 0.000018 0.033742 
0.561091 0.664768 0.000000 0.000000 0.110789 0.169330 0.000000 0.000000 0.000000 0.000000 0.000000 0.000000 0.000000 0.000000 0.000000 0.000000 0.000015 0.055098 
0.552675 0.917080 0.000000 0.000000 0.000000 0.000000 0.000000 0.000000 0.000000 0.000000 0.000000 0.000000 0.000000 0.000000 0.000000 0.000000 0.000007 0.082913 
0.544385 0.933575 0.000000 0.000000 0.000000 0.000000 0.000000 0.000000 0.000000 0.000000 0.000000 0.000000 0.000000 0.000000 0.000000 0.000000 0.000032 0.066393 
0.536219 0.999935 0.000000 0.000000 0.000000 0.000000 0.000000 0.000000 0.000000 0.000000 0.000000 0.000000 0.000000 0.000000 0.000000 0.000000 0.000025 0.000040 
0.528176 0.944863 0.027906 0.006663 0.009136 0.000000 0.000000 0.000000 0.000000 0.000000 0.000000 0.000000 0.000000 0.000000 0.000000 0.000000 0.000186 0.011247 
0.520253 0.609740 0.246761 0.069122 0.016767 0.000000 0.000000 0.000000 0.000000 0.000000 0.000000 0.000000 0.000000 0.000000 0.000000 0.000000 0.000145 0.057465 
0.512449 0.985838 0.013632 0.000000 0.000000 0.000000 0.000000 0.000000 0.000000 0.000000 0.000000 0.000000 0.000000 0.000000 0.000000 0.000000 0.000463 0.000067 
0.504762 0.925841 0.025128 0.000000 0.000000 0.000000 0.032221 0.000000 0.002917 0.000000 0.000000 0.000000 0.000000 0.000000 0.000000 0.000000 0.000007 0.013886 
0.497191 0.785053 0.152772 0.000000 0.028186 0.000000 0.000000 0.000000 0.000000 0.000000 0.000000 0.000000 0.000000 0.000000 0.000000 0.000000 0.000307 0.033681 
0.489733 0.961550 0.000000 0.000000 0.000000 0.000000 0.000000 0.000000 0.000000 0.000000 0.000000 0.000000 0.000000 0.000000 0.000000 0.000000 0.000009 0.038441 
0.482387 0.885372 0.018513 0.061434 0.007566 0.000000 0.000000 0.000000 0.000000 0.000000 0.000000 0.000000 0.000000 0.000000 0.000000 0.000000 0.000017 0.027099 
0.475151 0.589133 0.101584 0.119671 0.000000 0.000000 0.077581 0.000000 0.000000 0.000000 0.000000 0.000000 0.000000 0.000000 0.000000 0.000000 0.000041 0.111989 
0.468024 0.778689 0.049039 0.027427 0.000000 0.000000 0.043032 0.000000 0.000000 0.000000 0.000000 0.000000 0.000000 0.000000 0.000000 0.000000 0.000247 0.101566 
0.461004 0.788796 0.133117 0.000000 0.000000 0.000000 0.045441 0.000000 0.000000 0.000000 0.000000 0.000000 0.000000 0.000000 0.000000 0.000000 0.000237 0.032409 
0.454089 0.547505 0.273040 0.012617 0.019374 0.000000 0.058815 0.000000 0.000000 0.000000 0.000000 0.000000 0.000000 0.000000 0.000000 0.000000 0.000212 0.088437 
0.447277 0.462066 0.407165 0.091693 0.005610 0.000000 0.000000 0.000000 0.000000 0.000000 0.000000 0.000000 0.000000 0.000000 0.000000 0.000000 0.000292 0.033173 
0.440568 0.741858 0.258067 0.000000 0.000000 0.000000 0.000000 0.000000 0.000000 0.000000 0.000000 0.000000 0.000000 0.000000 0.000000 0.000000 0.000038 0.000037 
0.433960 0.840298 0.142263 0.001866 0.000000 0.000000 0.000000 0.000000 0.000000 0.000000 0.000000 0.000000 0.000000 0.000000 0.000000 0.000000 0.000018 0.015554 
0.427450 0.846314 0.039370 0.000000 0.000000 0.000000 0.000000 0.000000 0.000000 0.000000 0.000000 0.000000 0.000000 0.000000 0.000000 0.000000 0.000016 0.114299 
0.421038 0.630224 0.347864 0.000000 0.000000 0.000000 0.000000 0.000000 0.000000 0.000000 0.000000 0.000000 0.000000 0.000000 0.000000 0.000000 0.000707 0.021205 
0.414723 0.524055 0.469964 0.000000 0.000000 0.000000 0.000000 0.000000 0.000000 0.000000 0.000000 0.000000 0.000000 0.000000 0.000000 0.000000 0.000015 0.005965 
0.408502 0.901928 0.088777 0.000000 0.000000 0.000000 0.000000 0.000000 0.000000 0.000000 0.000000 0.000000 0.000000 0.000000 0.000000 0.000000 0.000004 0.009291 
0.402374 0.977069 0.000000 0.000000 0.000000 0.000000 0.000000 0.000000 0.000000 0.000000 0.000000 0.000000 0.000000 0.000000 0.000000 0.000000 0.000083 0.022848 
0.396339 0.934555 0.005993 0.000000 0.000000 0.000000 0.000000 0.000000 0.000000 0.000000 0.000000 0.000000 0.000000 0.000000 0.000000 0.000000 0.000016 0.059437 
0.390394 0.942152 0.007490 0.000000 0.000000 0.000000 0.000000 0.000000 0.000000 0.000000 0.000000 0.000000 0.000000 0.000000 0.000000 0.000000 0.000002 0.050355 
0.384538 0.986150 0.000000 0.000000 0.000000 0.000000 0.000000 0.000000 0.000000 0.000000 0.000000 0.000000 0.000000 0.000000 0.000000 0.000000 0.000003 0.013846 
0.378770 0.937362 0.054231 0.000000 0.000000 0.000000 0.000000 0.000000 0.000000 0.000000 0.000000 0.000000 0.000000 0.000000 0.000000 0.000000 0.000072 0.008335 
0.373088 0.653074 0.341498 0.000000 0.000000 0.000000 0.000000 0.000000 0.000000 0.000000 0.000000 0.000000 0.000000 0.000000 0.000000 0.000000 0.000000 0.005427 
0.367492 0.714119 0.166213 0.000000 0.000000 0.000000 0.000000 0.000000 0.000000 0.000000 0.000000 0.000000 0.000000 0.000000 0.000000 0.000000 0.000304 0.119365 
0.361980 0.728196 0.000000 0.156900 0.000000 0.000000 0.000000 0.000000 0.000000 0.000000 0.000000 0.000000 0.000000 0.000000 0.000000 0.000000 0.000021 0.114883 
0.356550 0.999885 0.000000 0.000000 0.000000 0.000000 0.000000 0.000000 0.000000 0.000000 0.000000 0.000000 0.000000 0.000000 0.000000 0.000000 0.000034 0.000081 
0.351202 0.951490 0.022965 0.000000 0.000000 0.000000 0.012218 0.011872 0.000000 0.000000 0.000000 0.000000 0.000000 0.000000 0.000000 0.000000 0.000024 0.001431 
0.345934 0.803070 0.156309 0.000000 0.000000 0.011578 0.000000 0.020794 0.000000 0.000000 0.000000 0.000000 0.000000 0.000000 0.000000 0.000000 0.000022 0.008226 
0.340745 0.697264 0.279878 0.000000 0.000000 0.000000 0.000000 0.000000 0.000000 0.000000 0.000000 0.000000 0.000000 0.000000 0.000000 0.000000 0.000004 0.022854 
0.335633 0.631545 0.340223 0.000000 0.005915 0.000000 0.000000 0.000000 0.000000 0.000000 0.000000 0.000000 0.000000 0.000000 0.000000 0.000000 0.000171 0.022145 
0.330599 0.818771 0.166701 0.007436 0.000000 0.000000 0.000000 0.000000 0.000000 0.000000 0.000000 0.000000 0.000000 0.000000 0.000000 0.000000 0.000011 0.007080 
