157848.342843 0.030911 0.040184 0.043326 0.059043 0.052304 0.049265 0.043636 0.091008 0.074208 0.046433 0.079983 0.086921 0.139174 0.071312 0.032292 0.030000 0.030000 
134171.091416 0.030321 0.042595 0.052892 0.044656 0.053190 0.044307 0.055200 0.060248 0.082706 0.092608 0.087179 0.061848 0.070298 0.030000 0.131954 0.030000 0.030000 
114045.427704 0.030821 0.041323 0.049514 0.068408 0.045670 0.054609 0.045998 0.065339 0.074928 0.081035 0.057080 0.054102 0.062867 0.136954 0.071354 0.030000 0.030000 
96938.613548 0.030678 0.057210 0.034185 0.048142 0.041986 0.047972 0.055368 0.075308 0.127955 0.071759 0.045201 0.076540 0.085304 0.049634 0.092757 0.030000 0.030000 
82397.821516 0.030686 0.033245 0.036823 0.056609 0.050365 0.053857 0.067566 0.042720 0.066004 0.076152 0.101021 0.082883 0.074474 0.095616 0.071978 0.030000 0.030000 
70038.148289 0.030850 0.038172 0.041301 0.042707 0.046724 0.063169 0.058454 0.062030 0.074615 0.081205 0.069545 0.082534 0.079533 0.080942 0.088219 0.030000 0.030000 
59532.426045 0.030847 0.046741 0.052561 0.041089 0.038665 0.059940 0.065169 0.052654 0.049496 0.063865 0.069918 0.085801 0.108126 0.079311 0.095816 0.030000 0.030000 
50602.562139 0.030597 0.037477 0.041299 0.036978 0.036918 0.047802 0.072317 0.076057 0.071900 0.079874 0.061125 0.075442 0.084125 0.100982 0.087107 0.030000 0.030000 
43012.177818 0.030995 0.033553 0.037328 0.050559 0.061220 0.057753 0.068942 0.060238 0.075725 0.060299 0.053928 0.096363 0.072727 0.066970 0.113400 0.030000 0.030000 
36560.351145 0.030620 0.035306 0.042171 0.042229 0.053097 0.054811 0.060279 0.081262 0.061792 0.068997 0.061383 0.081112 0.085288 0.085719 0.095933 0.030000 0.030000 
31076.298473 0.030741 0.036267 0.045463 0.047682 0.049127 0.042198 0.066225 0.066930 0.059372 0.076756 0.073239 0.081896 0.099320 0.079187 0.085599 0.030000 0.030000 
26414.853702 0.030472 0.037618 0.039500 0.034966 0.042228 0.046883 0.064131 0.059910 0.062699 0.066438 0.079467 0.066737 0.092437 0.109433 0.107079 0.030000 0.030000 
22452.625647 0.030565 0.039701 0.032534 0.059433 0.055206 0.047300 0.053432 0.075415 0.057122 0.089253 0.097824 0.077448 0.078786 0.073779 0.072203 0.030000 0.030000 
19084.731800 0.030433 0.035257 0.043893 0.049701 0.047899 0.059904 0.057506 0.065264 0.060278 0.073541 0.084773 0.066948 0.086873 0.094761 0.082968 0.030000 0.030000 
16222.022030 0.030361 0.038950 0.042718 0.060259 0.079048 0.048173 0.067590 0.054369 0.055679 0.101744 0.068618 0.113153 0.073158 0.076178 0.030000 0.030001 0.030000 
13788.718725 0.030809 0.038386 0.047644 0.049329 0.055972 0.072709 0.062075 0.056032 0.074678 0.062321 0.081749 0.076230 0.078160 0.095951 0.057956 0.030000 0.030000 
11720.410917 0.030661 0.034170 0.043622 0.049238 0.057647 0.057185 0.047366 0.054502 0.052370 0.098054 0.073435 0.118229 0.047110 0.058734 0.117677 0.030000 0.030000 
9962.349279 0.030385 0.035463 0.044543 0.043594 0.061276 0.043676 0.065299 0.092499 0.088575 0.078752 0.047093 0.064931 0.081805 0.091321 0.070790 0.030000 0.030000 
8467.996887 0.031411 0.033910 0.047870 0.049378 0.059896 0.069824 0.058780 0.068896 0.049921 0.062033 0.144185 0.053183 0.047187 0.057185 0.106338 0.030000 0.030000 
7197.797354 0.030393 0.043687 0.041903 0.048610 0.053567 0.064554 0.063434 0.061322 0.089291 0.064064 0.087724 0.058041 0.070386 0.079747 0.083277 0.030000 0.030000 
6118.127751 0.030701 0.038784 0.039305 0.047182 0.051351 0.067020 0.057338 0.054866 0.065873 0.063840 0.079213 0.091496 0.081001 0.078506 0.093526 0.030000 0.030000 
5200.408588 0.030000 0.045419 0.042289 0.043903 0.067947 0.067909 0.088645 0.067237 0.074438 0.057574 0.048540 0.104901 0.073511 0.049130 0.078557 0.030000 0.030000 
4420.347300 0.030149 0.036867 0.041109 0.040683 0.040533 0.051136 0.059449 0.066438 0.067910 0.074499 0.073915 0.099551 0.073781 0.095141 0.088840 0.030000 0.030000 
3757.295205 0.031011 0.040134 0.045670 0.056359 0.053672 0.052630 0.078288 0.063775 0.076244 0.067555 0.063939 0.063447 0.074123 0.087671 0.085480 0.030001 0.030000 
3193.700924 0.030899 0.036746 0.046670 0.051350 0.049309 0.059162 0.055822 0.064169 0.075026 0.063823 0.065671 0.077484 0.087898 0.082718 0.093253 0.030000 0.030000 
2714.645786 0.031133 0.038405 0.033985 0.059268 0.031182 0.032712 0.054748 0.066760 0.073235 0.097810 0.078004 0.055873 0.064446 0.177298 0.045139 0.030001 0.030000 
2307.448918 0.030114 0.038836 0.038379 0.047520 0.055631 0.053331 0.067852 0.077379 0.074333 0.060269 0.050583 0.051679 0.122931 0.076479 0.094683 0.030000 0.030001 
1961.331580 0.030948 0.038029 0.031428 0.056031 0.078969 0.060243 0.065089 0.067027 0.078492 0.044905 0.048376 0.052396 0.062860 0.125714 0.099492 0.030000 0.030000 
1667.131843 0.030988 0.037071 0.034584 0.051280 0.053528 0.050808 0.073632 0.046956 0.050768 0.102073 0.108859 0.059325 0.044166 0.114998 0.080964 0.030000 0.030000 
1417.062067 0.031043 0.044155 0.044120 0.056870 0.052365 0.073153 0.065077 0.087307 0.070339 0.086030 0.063433 0.094359 0.059391 0.062644 0.049716 0.030000 0.030000 
1204.502757 0.031046 0.038810 0.046668 0.056229 0.063511 0.068061 0.068332 0.066133 0.066818 0.070745 0.073651 0.071113 0.068965 0.071131 0.078786 0.030001 0.030000 
1023.827343 0.030379 0.039593 0.044145 0.063139 0.046358 0.030000 0.091691 0.063697 0.057255 0.051882 0.043173 0.115342 0.057131 0.112648 0.093567 0.030000 0.030000 
870.253242 0.030844 0.038101 0.050788 0.041591 0.046911 0.130076 0.065626 0.056388 0.092870 0.047744 0.074863 0.095505 0.093838 0.044855 0.030000 0.030000 0.030000 
739.715255 0.031380 0.039756 0.060713 0.046504 0.040252 0.056948 0.086829 0.068525 0.073796 0.063649 0.075961 0.074226 0.075901 0.091413 0.054149 0.030000 0.030000 
628.757967 0.030719 0.039454 0.052728 0.057485 0.044778 0.058320 0.076685 0.048798 0.087191 0.080875 0.090751 0.074963 0.089948 0.064844 0.042461 0.030000 0.030000 
543.059460 0.032004 0.032917 0.033750 0.052480 0.050320 0.083013 0.044206 0.102477 0.086607 0.094327 0.090604 0.056976 0.062466 0.087853 0.030000 0.030000 0.030000 
461.600541 0.030788 0.038742 0.047307 0.055230 0.074747 0.055649 0.071599 0.051724 0.084596 0.059056 0.063970 0.090052 0.095699 0.070943 0.049898 0.030000 0.030000 
392.360459 0.031139 0.044570 0.065009 0.059349 0.067397 0.074862 0.056331 0.059392 0.105341 0.076254 0.101913 0.059378 0.064323 0.044406 0.030337 0.030000 0.030000 
333.506391 0.031929 0.042636 0.050824 0.064846 0.056953 0.085391 0.048986 0.066593 0.069603 0.061451 0.079839 0.065081 0.061932 0.074485 0.079451 0.030000 0.030000 
283.480432 0.030367 0.046622 0.054351 0.037455 0.056762 0.030000 0.063630 0.057464 0.087891 0.128638 0.058198 0.030000 0.107321 0.034366 0.116937 0.030000 0.030000 
240.958367 0.032306 0.044301 0.047686 0.050211 0.159727 0.090371 0.086103 0.042451 0.061923 0.032007 0.042728 0.093469 0.053681 0.060111 0.042924 0.030000 0.030000 
204.814612 0.033508 0.037141 0.044317 0.052064 0.072840 0.049942 0.068332 0.117689 0.088677 0.030000 0.064016 0.045925 0.071835 0.068391 0.095324 0.030000 0.030000 
174.092420 0.031150 0.037909 0.044316 0.048292 0.065265 0.057312 0.068857 0.069422 0.066322 0.055757 0.071410 0.106964 0.105493 0.054378 0.057154 0.030000 0.030000 
147.978557 0.031071 0.047752 0.059711 0.069052 0.086258 0.073514 0.059926 0.078009 0.067479 0.107433 0.072601 0.041012 0.055261 0.038618 0.052304 0.030000 0.030000 
125.781774 0.030924 0.048957 0.052012 0.057589 0.066464 0.064415 0.062678 0.035708 0.081089 0.089548 0.103775 0.057219 0.091044 0.053069 0.045509 0.030000 0.030000 
106.914508 0.032753 0.046566 0.047617 0.071253 0.111355 0.053355 0.068837 0.088129 0.067829 0.064253 0.036866 0.092419 0.062516 0.059045 0.037206 0.030000 0.030000 
90.877331 0.032567 0.062462 0.056162 0.047750 0.056377 0.066446 0.089213 0.097422 0.090389 0.030000 0.070408 0.142237 0.038567 0.030000 0.030000 0.030000 0.030000 
77.245732 0.032745 0.056131 0.055362 0.064218 0.104146 0.073580 0.066328 0.075344 0.066279 0.089004 0.050782 0.067143 0.037308 0.030000 0.071629 0.030000 0.030000 
65.658872 0.033458 0.068079 0.084040 0.077714 0.081710 0.086681 0.048365 0.096446 0.083417 0.077568 0.031841 0.038946 0.030000 0.071726 0.030000 0.030000 0.030008 
55.810041 0.036412 0.081119 0.085936 0.092111 0.094088 0.050189 0.030000 0.064733 0.102899 0.080176 0.033240 0.034272 0.041950 0.055127 0.057747 0.030000 0.030000 
48.887651 0.033252 0.056524 0.084349 0.089558 0.071172 0.090728 0.070246 0.095413 0.067978 0.056564 0.055521 0.042894 0.032837 0.047689 0.045183 0.030091 0.030000 
42.613290 0.033013 0.062098 0.081545 0.075970 0.081065 0.082347 0.078866 0.058928 0.071446 0.048854 0.049531 0.067506 0.039629 0.058283 0.050819 0.030101 0.030000 
36.827008 0.033717 0.052546 0.099487 0.067783 0.092546 0.099920 0.072401 0.084620 0.086529 0.030000 0.054374 0.045895 0.059444 0.030000 0.030740 0.030000 0.030000 
32.496064 0.033983 0.064594 0.078555 0.058466 0.061213 0.088404 0.093372 0.083583 0.072384 0.068123 0.039870 0.076638 0.044183 0.042845 0.033787 0.030000 0.030000 
28.337462 0.036419 0.052350 0.087111 0.083673 0.118446 0.041850 0.132524 0.090970 0.048686 0.037853 0.030000 0.083668 0.030865 0.035584 0.030000 0.030000 0.030000 
24.808740 0.035920 0.069147 0.072842 0.083935 0.078035 0.070593 0.072020 0.085831 0.077981 0.073535 0.050277 0.035660 0.040728 0.061730 0.030000 0.031766 0.030000 
21.928931 0.032860 0.057943 0.106839 0.093001 0.111495 0.049457 0.067096 0.080415 0.068736 0.038154 0.057417 0.056770 0.044773 0.045045 0.030000 0.030000 0.030000 
20.046544 0.034559 0.063874 0.111507 0.051859 0.083907 0.119725 0.052310 0.055972 0.073621 0.030000 0.045553 0.039380 0.117734 0.030000 0.030000 0.030000 0.030000 
18.544296 0.040871 0.062682 0.072413 0.085511 0.064740 0.115723 0.051950 0.097907 0.055613 0.042944 0.078802 0.057750 0.046258 0.030000 0.036835 0.030000 0.030000 
17.154221 0.030461 0.072709 0.112167 0.078567 0.067846 0.089163 0.054917 0.180360 0.030000 0.030000 0.073810 0.030000 0.030000 0.030000 0.030000 0.030000 0.030000 
15.927229 0.035324 0.064460 0.085436 0.070965 0.107674 0.085656 0.062231 0.072104 0.071658 0.030000 0.086021 0.078471 0.030000 0.030000 0.030000 0.030000 0.030000 
14.604057 0.039339 0.145086 0.199740 0.094515 0.053447 0.052125 0.067953 0.072668 0.035127 0.030000 0.030000 0.030000 0.030000 0.030000 0.030000 0.030000 0.030000 
13.373312 0.036198 0.099966 0.088193 0.138582 0.097845 0.073378 0.061867 0.079702 0.047874 0.035035 0.030000 0.030000 0.030000 0.061360 0.030000 0.030000 0.030000 
12.343186 0.035349 0.079893 0.119758 0.112279 0.065528 0.053270 0.080085 0.056303 0.073779 0.065439 0.046963 0.043700 0.047653 0.030000 0.030000 0.030000 0.030000 
11.472191 0.036515 0.076908 0.093033 0.113516 0.089965 0.108679 0.072685 0.053046 0.063019 0.064000 0.035304 0.031745 0.041585 0.030000 0.030000 0.030000 0.030000 
10.679326 0.038745 0.075170 0.110868 0.084742 0.072117 0.101005 0.071127 0.077250 0.045177 0.066816 0.076983 0.030000 0.030000 0.030000 0.030000 0.030000 0.030000 
9.902235 0.039729 0.095753 0.089287 0.099246 0.089979 0.119471 0.050537 0.078430 0.068068 0.031752 0.057748 0.030000 0.030000 0.030000 0.030000 0.030000 0.030000 
9.294728 0.032752 0.063601 0.181876 0.083505 0.066923 0.120544 0.070586 0.047783 0.050510 0.030000 0.071921 0.030000 0.030000 0.030000 0.030000 0.030000 0.030000 
8.731911 0.037472 0.079179 0.123404 0.062826 0.121972 0.078241 0.062898 0.088894 0.074859 0.032615 0.032456 0.030000 0.030000 0.030000 0.030000 0.046905 0.038277 
8.303810 0.046634 0.112089 0.123476 0.100226 0.090659 0.090909 0.058611 0.066017 0.047672 0.036405 0.045550 0.031751 0.030000 0.030000 0.030000 0.030000 0.030000 
7.839590 0.078979 0.109922 0.087648 0.135945 0.137954 0.060617 0.071295 0.033433 0.030000 0.030000 0.030000 0.030000 0.030000 0.030000 0.030000 0.044206 0.030000 
7.534155 0.032735 0.073850 0.111428 0.095064 0.066415 0.074559 0.134590 0.118588 0.030000 0.032922 0.030000 0.030000 0.030000 0.030000 0.030000 0.049849 0.030000 
7.313521 0.037871 0.084674 0.103087 0.077844 0.131837 0.088128 0.050057 0.065305 0.030000 0.030000 0.030000 0.030000 0.063533 0.030000 0.078084 0.039579 0.030000 
6.957077 0.106777 0.115870 0.076773 0.084285 0.088798 0.060493 0.131867 0.036045 0.037697 0.030000 0.030000 0.030000 0.030000 0.030000 0.030000 0.051396 0.030000 
6.739129 0.041621 0.086337 0.078118 0.124457 0.083377 0.125847 0.070771 0.091011 0.033282 0.033859 0.030000 0.030000 0.030000 0.030000 0.030000 0.051321 0.030000 
6.423006 0.040164 0.124234 0.109769 0.046559 0.071603 0.076385 0.041752 0.089431 0.036733 0.149551 0.030000 0.030000 0.030000 0.030000 0.030000 0.033820 0.030000 
6.196823 0.035550 0.093209 0.088789 0.055523 0.101696 0.036322 0.067624 0.061638 0.033468 0.033227 0.030000 0.030000 0.030000 0.030000 0.030000 0.110189 0.132765 
6.103871 0.036611 0.117619 0.133988 0.108201 0.068736 0.070195 0.034723 0.048977 0.061218 0.030000 0.030000 0.030000 0.069486 0.030000 0.030000 0.070247 0.030000 
5.988079 0.095816 0.087720 0.119782 0.104926 0.103694 0.069938 0.051251 0.075642 0.050423 0.030000 0.030000 0.030000 0.030450 0.030000 0.030000 0.030357 0.030000 
5.782417 0.055235 0.081507 0.095796 0.068894 0.096003 0.060164 0.077103 0.050296 0.042066 0.112441 0.030000 0.030000 0.030000 0.065478 0.030000 0.030232 0.044786 
5.550192 0.047339 0.094225 0.093757 0.103932 0.110735 0.066119 0.077996 0.076746 0.055710 0.057375 0.031176 0.034889 0.030000 0.030000 0.030000 0.030000 0.030000 
5.334199 0.040498 0.079631 0.093600 0.075083 0.120842 0.063469 0.077268 0.075902 0.037734 0.041906 0.030000 0.032158 0.030000 0.030000 0.030000 0.087384 0.054525 
5.126115 0.041829 0.097344 0.113166 0.146039 0.098119 0.079780 0.063653 0.048851 0.030000 0.064245 0.030000 0.030000 0.030000 0.030000 0.030000 0.036974 0.030000 
4.908426 0.048639 0.082106 0.087837 0.080896 0.102079 0.060295 0.057971 0.064394 0.109690 0.059379 0.030000 0.049419 0.030000 0.030000 0.030000 0.030000 0.047296 
4.714755 0.058002 0.103804 0.122463 0.073157 0.097066 0.057837 0.060978 0.086764 0.042315 0.056283 0.030000 0.030000 0.030000 0.030000 0.030000 0.030000 0.061331 
4.551028 0.078087 0.112215 0.103842 0.102130 0.110862 0.056863 0.068492 0.054789 0.038017 0.038188 0.030000 0.030000 0.030000 0.030000 0.030000 0.030000 0.056515 
4.390845 0.056230 0.107919 0.175548 0.084478 0.058652 0.073329 0.052295 0.079948 0.052772 0.037167 0.030000 0.030000 0.030000 0.030000 0.030000 0.041662 0.030000 
4.261371 0.042323 0.128375 0.133804 0.118937 0.063814 0.058259 0.051225 0.106833 0.030000 0.030000 0.030000 0.056429 0.030000 0.030000 0.030000 0.030000 0.030000 
4.111044 0.035211 0.080992 0.094563 0.075322 0.097346 0.057221 0.119687 0.043521 0.125261 0.030234 0.038016 0.030000 0.030000 0.030000 0.030000 0.052628 0.030000 
3.984925 0.046071 0.156891 0.063780 0.113557 0.103392 0.030000 0.123349 0.044233 0.034960 0.052009 0.030000 0.046736 0.030000 0.030000 0.030000 0.035022 0.030000 
3.851403 0.045074 0.122940 0.102491 0.078831 0.107398 0.104015 0.066098 0.030000 0.030000 0.062302 0.030000 0.030000 0.030000 0.030000 0.030000 0.047660 0.053189 
3.744550 0.055356 0.066258 0.117463 0.074811 0.097499 0.080380 0.078336 0.045276 0.066844 0.032258 0.075839 0.030000 0.030000 0.030000 0.030000 0.030000 0.059679 
3.628691 0.087973 0.080661 0.090757 0.085648 0.099829 0.082271 0.089745 0.070005 0.048571 0.031910 0.032438 0.030000 0.030000 0.030000 0.030000 0.039684 0.040507 
3.525241 0.083527 0.098845 0.115685 0.115062 0.066331 0.098198 0.078786 0.065035 0.031773 0.030000 0.030000 0.031207 0.030000 0.030000 0.030000 0.030051 0.035500 
3.472363 0.103979 0.113482 0.034572 0.115398 0.151479 0.057220 0.073697 0.047859 0.058323 0.030000 0.030000 0.030000 0.030000 0.030000 0.030000 0.030006 0.033985 
3.420277 0.062647 0.121155 0.082740 0.102198 0.060081 0.131846 0.071309 0.036471 0.074059 0.030000 0.030000 0.032092 0.030000 0.030000 0.030000 0.030014 0.045389 
3.368973 0.207908 0.098778 0.088768 0.173562 0.067095 0.030000 0.030000 0.030000 0.030000 0.030000 0.030000 0.030000 0.030000 0.030000 0.030000 0.030009 0.033880 
3.188161 0.054078 0.099903 0.044456 0.074546 0.085827 0.039400 0.030000 0.030000 0.030000 0.298091 0.030000 0.030000 0.030000 0.030000 0.030000 0.030001 0.033699 
3.089807 0.113933 0.178911 0.104480 0.088164 0.068457 0.090216 0.030000 0.030000 0.030000 0.038174 0.030000 0.030000 0.030000 0.030000 0.030000 0.030035 0.047631 
3.043460 0.079114 0.115691 0.145533 0.077475 0.051769 0.103831 0.064111 0.089242 0.030000 0.030000 0.030000 0.030000 0.030000 0.030000 0.030000 0.030087 0.033148 
2.997808 0.062528 0.063814 0.265385 0.126111 0.030000 0.095941 0.030000 0.034234 0.051113 0.030000 0.030815 0.030000 0.030000 0.030000 0.030000 0.030001 0.030057 
2.929457 0.088351 0.140991 0.138785 0.138289 0.030000 0.076445 0.030000 0.071341 0.030000 0.042614 0.030000 0.030000 0.030000 0.030000 0.030000 0.030013 0.033172 
2.885515 0.117666 0.121586 0.181823 0.032767 0.030000 0.030000 0.030000 0.184635 0.030000 0.030000 0.030000 0.030000 0.030000 0.030000 0.030000 0.031269 0.030254 
2.811091 0.098339 0.165619 0.099357 0.030000 0.154021 0.045180 0.071969 0.036758 0.054464 0.030000 0.030000 0.030000 0.030000 0.030000 0.030000 0.030012 0.034281 
2.768925 0.076220 0.130424 0.093681 0.169332 0.047083 0.068173 0.070846 0.055154 0.030000 0.030000 0.030000 0.030000 0.030000 0.030000 0.030000 0.030047 0.049042 
2.727391 0.095874 0.223373 0.098505 0.083152 0.073826 0.049270 0.049643 0.052425 0.030000 0.030000 0.030000 0.030000 0.030000 0.030000 0.030000 0.030008 0.033924 
2.686480 0.076649 0.130512 0.149858 0.085661 0.094035 0.064300 0.048966 0.048787 0.030000 0.030000 0.030000 0.030000 0.030000 0.030000 0.030000 0.030025 0.061207 
2.646183 0.115935 0.154194 0.128712 0.123278 0.058075 0.071621 0.030000 0.035025 0.035071 0.030000 0.030000 0.030000 0.030000 0.030000 0.030000 0.030016 0.038074 
2.606490 0.066096 0.142910 0.112447 0.167083 0.030000 0.030000 0.052524 0.099453 0.030000 0.059091 0.030000 0.030000 0.030000 0.030000 0.030000 0.030016 0.030380 
2.552689 0.111067 0.140279 0.123798 0.075720 0.070694 0.033016 0.060052 0.103614 0.038268 0.030000 0.030000 0.030000 0.030000 0.030000 0.030000 0.030056 0.033436 
2.514399 0.073546 0.103995 0.184978 0.061863 0.090966 0.040448 0.037245 0.042192 0.030000 0.097246 0.030000 0.030000 0.030000 0.030000 0.030000 0.030016 0.057506 
2.476683 0.117994 0.053472 0.089419 0.272198 0.101298 0.030000 0.030000 0.030000 0.030000 0.030000 0.030000 0.030000 0.030000 0.030000 0.030000 0.030004 0.035615 
2.428735 0.136757 0.085162 0.150800 0.080503 0.086150 0.104457 0.030000 0.044735 0.030000 0.030000 0.030000 0.030000 0.030000 0.030000 0.030000 0.030029 0.041408 
2.392304 0.048962 0.222070 0.067751 0.046294 0.032470 0.077994 0.062736 0.030000 0.030000 0.165185 0.030000 0.030000 0.030000 0.030000 0.030000 0.030008 0.036530 
2.356419 0.078644 0.103647 0.078101 0.091394 0.071139 0.078606 0.031578 0.096112 0.051001 0.043601 0.030000 0.030000 0.030000 0.030000 0.030000 0.030013 0.096164 
2.321073 0.142598 0.087965 0.133536 0.089826 0.040895 0.110561 0.030000 0.061355 0.032333 0.030000 0.051127 0.030000 0.030000 0.030000 0.030000 0.030123 0.039681 
2.286257 0.120039 0.135993 0.092490 0.106224 0.094272 0.081578 0.030000 0.030000 0.067429 0.030000 0.030000 0.030000 0.030000 0.030000 0.030000 0.030038 0.031938 
2.251963 0.105006 0.208636 0.186340 0.109917 0.030000 0.030000 0.030000 0.030000 0.030000 0.030000 0.030000 0.030000 0.030000 0.030000 0.030000 0.030000 0.030101 
2.203904 0.114393 0.142647 0.146826 0.066204 0.100309 0.045489 0.062049 0.030000 0.030000 0.030000 0.030000 0.030000 0.030000 0.030000 0.030000 0.030026 0.052057 
2.170846 0.089756 0.107519 0.096920 0.121703 0.093120 0.055767 0.052339 0.030000 0.030000 0.065196 0.071001 0.030000 0.030000 0.030000 0.030000 0.030010 0.036668 
2.138283 0.129586 0.161949 0.042633 0.120228 0.030000 0.036650 0.163027 0.045007 0.030000 0.030000 0.030000 0.030000 0.030000 0.030000 0.030000 0.030015 0.030905 
2.099238 0.131939 0.122340 0.059669 0.141405 0.101206 0.080524 0.044118 0.030000 0.030000 0.043356 0.030000 0.030000 0.030000 0.030000 0.030000 0.030106 0.035338 
2.067750 0.108146 0.157010 0.156837 0.127967 0.030000 0.088293 0.030000 0.030000 0.030000 0.030000 0.030000 0.030000 0.030000 0.030000 0.030000 0.030001 0.031746 
2.036733 0.151507 0.180519 0.093343 0.087865 0.030000 0.047519 0.067347 0.043604 0.030000 0.030000 0.030000 0.030000 0.030000 0.030000 0.030000 0.030029 0.058267 
2.006182 0.085982 0.140990 0.089002 0.079752 0.107961 0.078867 0.063068 0.064090 0.030000 0.030000 0.030000 0.030000 0.030000 0.030000 0.030000 0.030223 0.050066 
1.976090 0.072374 0.130456 0.044604 0.119958 0.055991 0.119964 0.091624 0.062576 0.035970 0.030000 0.030000 0.030000 0.030000 0.030000 0.030000 0.030083 0.056399 
1.946448 0.102870 0.328546 0.030000 0.114181 0.030000 0.030000 0.030000 0.038757 0.030000 0.030000 0.030000 0.030000 0.030000 0.030000 0.030000 0.030003 0.055644 
1.917252 0.112230 0.132960 0.116187 0.074271 0.103370 0.105424 0.030000 0.047717 0.030000 0.030000 0.030000 0.030000 0.030000 0.030000 0.030000 0.030011 0.037830 
1.884911 0.097689 0.133970 0.130326 0.142774 0.104752 0.034410 0.030000 0.030000 0.030000 0.030000 0.030000 0.030000 0.030000 0.030000 0.030000 0.030019 0.056059 
1.856638 0.152258 0.162948 0.101205 0.098199 0.083297 0.030000 0.030000 0.030000 0.030000 0.030000 0.030000 0.030000 0.030000 0.030000 0.030000 0.030011 0.072081 
1.828788 0.092622 0.147831 0.110000 0.125853 0.133792 0.038534 0.042676 0.030000 0.030000 0.030000 0.030000 0.030000 0.030000 0.030000 0.030000 0.030017 0.038673 
1.801356 0.100605 0.283945 0.051516 0.084062 0.067320 0.053463 0.030000 0.030000 0.030000 0.030000 0.030000 0.030000 0.030000 0.030000 0.030000 0.030002 0.059087 
1.769619 0.174471 0.168176 0.076856 0.095600 0.048169 0.030308 0.051513 0.058789 0.030000 0.030000 0.030000 0.030000 0.030000 0.030000 0.030000 0.030008 0.056110 
1.743075 0.118016 0.141603 0.108263 0.063012 0.116365 0.030000 0.109222 0.030000 0.030000 0.030000 0.030000 0.030000 0.030000 0.030000 0.030000 0.030008 0.043511 
1.716929 0.136388 0.124018 0.155278 0.030000 0.175912 0.030000 0.048052 0.030000 0.030000 0.030000 0.030000 0.030000 0.030000 0.030000 0.030000 0.030050 0.030302 
1.691175 0.142618 0.177301 0.110724 0.111526 0.038470 0.033343 0.045328 0.062369 0.030000 0.030000 0.030000 0.030000 0.030000 0.030000 0.030000 0.030014 0.038306 
1.665807 0.122676 0.115382 0.110682 0.121998 0.035506 0.088808 0.083670 0.041882 0.030000 0.030000 0.030000 0.030000 0.030000 0.030000 0.030000 0.030088 0.039308 
1.640820 0.126343 0.168336 0.116063 0.099259 0.103840 0.030000 0.049667 0.030000 0.030000 0.030000 0.030000 0.030000 0.030000 0.030000 0.030000 0.030013 0.036479 
1.616208 0.103983 0.166630 0.109634 0.064414 0.080870 0.081240 0.045980 0.030000 0.055107 0.030000 0.030000 0.030000 0.030000 0.030000 0.030000 0.030067 0.052077 
1.591965 0.137843 0.267330 0.049419 0.155062 0.030000 0.030000 0.030000 0.030000 0.030000 0.030000 0.030000 0.030000 0.030000 0.030000 0.030000 0.030335 0.030011 
1.568085 0.107217 0.158605 0.065594 0.048899 0.048095 0.034919 0.118254 0.030000 0.032729 0.030000 0.033938 0.120298 0.030000 0.030000 0.030000 0.030116 0.051334 
1.544564 0.123752 0.187788 0.058321 0.053046 0.067443 0.150126 0.048724 0.030000 0.032792 0.030000 0.030000 0.030000 0.030000 0.030000 0.030000 0.030024 0.037983 
1.521396 0.155754 0.116963 0.131404 0.100571 0.068496 0.034267 0.030000 0.033097 0.059450 0.030000 0.030000 0.030000 0.030000 0.030000 0.030000 0.030024 0.059975 
1.498575 0.131534 0.159304 0.118637 0.099085 0.038092 0.122532 0.030000 0.030000 0.030000 0.030000 0.030000 0.030000 0.030000 0.030000 0.030000 0.030002 0.030814 
1.476096 0.199924 0.135796 0.125253 0.111963 0.030000 0.032235 0.030000 0.030000 0.030000 0.030000 0.030000 0.030000 0.030000 0.030000 0.030000 0.030033 0.064796 
1.453955 0.130418 0.221941 0.117148 0.052633 0.046408 0.030000 0.030000 0.030000 0.030000 0.030000 0.030000 0.030000 0.030000 0.030000 0.030000 0.030024 0.101428 
1.432145 0.113045 0.163945 0.120720 0.040268 0.079285 0.105185 0.063324 0.030000 0.030000 0.030000 0.030000 0.030000 0.030000 0.030000 0.030000 0.030041 0.044187 
1.410663 0.124565 0.149158 0.156501 0.099122 0.033658 0.060441 0.055955 0.037338 0.030000 0.030000 0.030000 0.030000 0.030000 0.030000 0.030000 0.030255 0.043008 
1.389503 0.089793 0.098364 0.145249 0.067862 0.184363 0.030000 0.082379 0.030000 0.030000 0.030000 0.030000 0.030000 0.030000 0.030000 0.030000 0.030007 0.031984 
1.368661 0.124567 0.111199 0.113199 0.078870 0.045442 0.030000 0.042853 0.030000 0.030000 0.030000 0.084410 0.030000 0.030000 0.030000 0.030000 0.030085 0.129375 
1.348131 0.134179 0.201932 0.142961 0.074924 0.030000 0.030000 0.030000 0.030000 0.030000 0.030000 0.030000 0.030000 0.030000 0.030000 0.030000 0.030112 0.085892 
1.327909 0.116956 0.119950 0.094382 0.102692 0.070583 0.114554 0.030000 0.057384 0.030000 0.030000 0.030000 0.030000 0.030000 0.030000 0.030000 0.030061 0.053438 
1.307990 0.229739 0.306104 0.030000 0.043570 0.030000 0.030000 0.030000 0.030000 0.030000 0.030000 0.030000 0.030000 0.030000 0.030000 0.030000 0.030035 0.030553 
1.288370 0.220834 0.180607 0.106854 0.058441 0.030000 0.030000 0.030000 0.055706 0.030000 0.030000 0.030000 0.030000 0.030000 0.030000 0.030000 0.030105 0.047454 
1.269045 0.143322 0.124084 0.216931 0.097516 0.030000 0.030000 0.030000 0.030000 0.030000 0.030000 0.030000 0.030000 0.030000 0.030000 0.030000 0.030009 0.058138 
1.250009 0.178545 0.116358 0.130061 0.064589 0.053009 0.069558 0.079689 0.030000 0.030000 0.030000 0.030000 0.030000 0.030000 0.030000 0.030000 0.030033 0.038158 
1.231259 0.129302 0.090242 0.151385 0.113574 0.030000 0.030000 0.055880 0.086945 0.030000 0.030000 0.030000 0.030000 0.030000 0.030000 0.030000 0.030189 0.072484 
1.212790 0.171308 0.168060 0.117502 0.087561 0.081541 0.030000 0.033028 0.030000 0.030000 0.030000 0.030000 0.030000 0.030000 0.030000 0.030000 0.030032 0.040968 
1.194598 0.195288 0.218695 0.067998 0.084710 0.069912 0.030000 0.030000 0.030000 0.030000 0.030000 0.030000 0.030000 0.030000 0.030000 0.030000 0.030018 0.033378 
1.176679 0.111230 0.201400 0.050981 0.071329 0.110300 0.030000 0.077368 0.030000 0.030000 0.030000 0.030000 0.030000 0.030000 0.030000 0.030000 0.030026 0.077365 
1.159029 0.207186 0.172667 0.096528 0.050080 0.046561 0.030000 0.030000 0.068382 0.030000 0.030000 0.030000 0.030000 0.030000 0.030000 0.030000 0.030046 0.058551 
1.141644 0.162404 0.131279 0.139796 0.134199 0.030000 0.044339 0.030000 0.038940 0.030000 0.030000 0.030000 0.030000 0.030000 0.030000 0.030000 0.030023 0.049020 
1.124519 0.166038 0.059235 0.169847 0.051329 0.030000 0.061736 0.030000 0.030000 0.030000 0.145145 0.030000 0.030000 0.030000 0.030000 0.030000 0.030009 0.046660 
1.107651 0.164711 0.161182 0.179418 0.035826 0.043860 0.062024 0.030000 0.030000 0.030000 0.030000 0.030000 0.030000 0.030000 0.030000 0.030000 0.030044 0.052935 
1.091036 0.157744 0.208111 0.125528 0.030000 0.054485 0.073779 0.030000 0.030000 0.030000 0.030000 0.030000 0.030000 0.030000 0.030000 0.030000 0.030022 0.050331 
1.074671 0.118567 0.138137 0.079491 0.096340 0.045395 0.100834 0.030000 0.076192 0.030000 0.030000 0.030000 0.030000 0.030000 0.030000 0.030000 0.030065 0.074978 
1.058551 0.217767 0.184915 0.057201 0.082747 0.030000 0.052678 0.030000 0.065320 0.030000 0.030000 0.030000 0.030000 0.030000 0.030000 0.030000 0.030100 0.039272 
1.042672 0.180712 0.169230 0.206038 0.042045 0.030000 0.030000 0.030000 0.030000 0.030000 0.030000 0.030000 0.030000 0.030000 0.030000 0.030000 0.030102 0.041872 
1.027032 0.218936 0.151127 0.052682 0.081586 0.030000 0.030000 0.126557 0.030000 0.030000 0.030000 0.030000 0.030000 0.030000 0.030000 0.030000 0.030102 0.039009 
1.011627 0.226734 0.135985 0.217169 0.030000 0.030000 0.030000 0.030000 0.030000 0.030000 0.030000 0.030000 0.030000 0.030000 0.030000 0.030000 0.030052 0.030060 
0.996453 0.161116 0.155431 0.098421 0.079250 0.124430 0.050980 0.030000 0.030000 0.030000 0.030000 0.030000 0.030000 0.030000 0.030000 0.030000 0.030017 0.030355 
0.981506 0.225049 0.141226 0.048837 0.165509 0.047684 0.032572 0.030000 0.030000 0.030000 0.030000 0.030000 0.030000 0.030000 0.030000 0.030000 0.030076 0.039047 
0.966783 0.089549 0.223869 0.030000 0.117417 0.030000 0.030000 0.178175 0.030000 0.030000 0.030000 0.030000 0.030000 0.030000 0.030000 0.030000 0.030009 0.030983 
0.952281 0.158189 0.124663 0.056106 0.135456 0.030000 0.030000 0.030000 0.030000 0.030000 0.030000 0.030000 0.030000 0.030000 0.030000 0.030000 0.030023 0.165562 
0.937997 0.092630 0.101341 0.171430 0.030000 0.030000 0.225267 0.030000 0.030000 0.030000 0.030000 0.030000 0.030000 0.030000 0.030000 0.030000 0.030005 0.049326 
0.923927 0.157062 0.140718 0.148652 0.030000 0.098730 0.037454 0.057867 0.030000 0.030000 0.030000 0.030000 0.030000 0.030000 0.030000 0.030000 0.030212 0.059305 
0.910068 0.167223 0.158659 0.160889 0.030000 0.064725 0.058278 0.057224 0.030000 0.030000 0.030000 0.030000 0.030000 0.030000 0.030000 0.030000 0.030023 0.032979 
0.896417 0.232805 0.145303 0.137513 0.030000 0.030586 0.090328 0.030000 0.030000 0.030000 0.030000 0.030000 0.030000 0.030000 0.030000 0.030000 0.030356 0.033109 
0.882971 0.238362 0.157146 0.102708 0.030000 0.030000 0.053355 0.043271 0.030000 0.030000 0.030000 0.030000 0.030000 0.030000 0.030000 0.030000 0.030414 0.074744 
0.869726 0.225914 0.093838 0.133341 0.030000 0.061424 0.030000 0.086790 0.030000 0.030000 0.030000 0.030000 0.030000 0.030000 0.030000 0.030000 0.030296 0.068397 
0.856681 0.111043 0.056755 0.168991 0.030000 0.030000 0.030000 0.268974 0.030000 0.030000 0.030000 0.030000 0.030000 0.030000 0.030000 0.030000 0.030029 0.034208 
0.843830 0.267265 0.104953 0.147621 0.030000 0.030000 0.030000 0.078995 0.030000 0.030000 0.030000 0.030000 0.030000 0.030000 0.030000 0.030000 0.030351 0.040815 
0.831173 0.345824 0.186879 0.043083 0.030000 0.030000 0.030000 0.030000 0.030000 0.030000 0.030000 0.030000 0.030000 0.030000 0.030000 0.030000 0.030014 0.034200 
0.818705 0.258943 0.203005 0.050242 0.030000 0.030764 0.030000 0.030000 0.081801 0.030000 0.030000 0.030000 0.030000 0.030000 0.030000 0.030000 0.030118 0.045127 
0.806425 0.189441 0.161922 0.030000 0.030000 0.095725 0.063878 0.074571 0.062596 0.030000 0.030000 0.030000 0.030000 0.030000 0.030000 0.030000 0.030318 0.051548 
0.794328 0.121398 0.149208 0.072762 0.144797 0.030000 0.063835 0.094398 0.030000 0.030000 0.030000 0.030000 0.030000 0.030000 0.030000 0.030000 0.030236 0.053366 
0.782413 0.294946 0.229600 0.030000 0.046751 0.030000 0.030000 0.030000 0.030000 0.030000 0.030000 0.030000 0.030000 0.030000 0.030000 0.030000 0.030014 0.038689 
0.770677 0.164111 0.077378 0.040570 0.173587 0.030000 0.112904 0.080499 0.030000 0.030000 0.030000 0.030000 0.030000 0.030000 0.030000 0.030000 0.030172 0.050779 
0.759117 0.201160 0.030000 0.199290 0.110002 0.030000 0.061319 0.030000 0.030000 0.030000 0.030000 0.030000 0.030000 0.030000 0.030000 0.030000 0.030006 0.068223 
0.747730 0.186853 0.168481 0.060656 0.049497 0.117531 0.055463 0.030000 0.030000 0.030000 0.030000 0.030000 0.030000 0.030000 0.030000 0.030000 0.030093 0.061426 
0.736514 0.144358 0.118617 0.138460 0.152750 0.040159 0.030000 0.030000 0.030000 0.030000 0.030000 0.030000 0.030000 0.030000 0.030000 0.030000 0.030043 0.075611 
0.725467 0.331196 0.036536 0.030000 0.199069 0.030000 0.030000 0.030000 0.030000 0.030000 0.030000 0.030000 0.030000 0.030000 0.030000 0.030000 0.030007 0.043192 
0.714585 0.225215 0.223824 0.089401 0.064615 0.030000 0.030000 0.030000 0.030000 0.030000 0.030000 0.030000 0.030000 0.030000 0.030000 0.030000 0.030029 0.036917 
0.703866 0.326514 0.118531 0.030000 0.030000 0.030000 0.030207 0.030000 0.030000 0.030000 0.030000 0.030000 0.030000 0.030000 0.030000 0.030000 0.030063 0.134685 
0.693308 0.283575 0.216231 0.048762 0.030000 0.030000 0.030000 0.030000 0.030000 0.030000 0.030000 0.030000 0.030000 0.030000 0.030000 0.030000 0.031098 0.060334 
0.682908 0.254415 0.091136 0.071200 0.030000 0.030000 0.030000 0.030000 0.030000 0.030000 0.030000 0.030000 0.030000 0.030000 0.030000 0.030000 0.030073 0.193175 
0.672665 0.230329 0.082343 0.217509 0.030000 0.030000 0.030000 0.030000 0.030000 0.030000 0.030000 0.030000 0.030000 0.030000 0.030000 0.030000 0.030039 0.079779 
0.662575 0.237049 0.269597 0.068200 0.030000 0.030000 0.030000 0.030000 0.030000 0.030000 0.030000 0.030000 0.030000 0.030000 0.030000 0.030000 0.030106 0.035048 
0.652636 0.326099 0.155845 0.062000 0.030000 0.030000 0.030000 0.030000 0.030000 0.030000 0.030000 0.030000 0.030000 0.030000 0.030000 0.030000 0.030114 0.065942 
0.642847 0.283105 0.142917 0.030000 0.095358 0.030000 0.065274 0.030000 0.030000 0.030000 0.030000 0.030000 0.030000 0.030000 0.030000 0.030000 0.030021 0.053325 
0.633204 0.400057 0.121299 0.030000 0.030000 0.030000 0.030000 0.030000 0.030000 0.030000 0.030000 0.030000 0.030000 0.030000 0.030000 0.030000 0.030152 0.058492 
0.623706 0.294608 0.211672 0.030000 0.030000 0.030000 0.030000 0.030000 0.030000 0.030000 0.030000 0.030000 0.030000 0.030000 0.030000 0.030000 0.030833 0.072887 
0.614350 0.402076 0.115649 0.030000 0.030000 0.030000 0.030000 0.030000 0.030000 0.030000 0.030000 0.030000 0.030000 0.030000 0.030000 0.030000 0.030123 0.062153 
0.605135 0.357692 0.111899 0.030000 0.030000 0.030000 0.030000 0.030000 0.030000 0.030000 0.030000 0.030000 0.030000 0.030000 0.030000 0.030000 0.030425 0.109984 
0.596058 0.191319 0.189241 0.078939 0.030000 0.030000 0.030000 0.030000 0.136442 0.030000 0.030000 0.030000 0.030000 0.030000 0.030000 0.030000 0.030024 0.044035 
0.587117 0.235176 0.093819 0.030000 0.097278 0.138839 0.030000 0.030000 0.030000 0.030000 0.030000 0.030000 0.030000 0.030000 0.030000 0.030000 0.031624 0.073263 
0.578310 0.187707 0.162642 0.128585 0.070628 0.030000 0.030000 0.030000 0.030000 0.030000 0.030000 0.030000 0.030000 0.030000 0.030000 0.030000 0.030023 0.090416 
0.569636 0.089886 0.030000 0.030000 0.133697 0.342603 0.030000 0.030000 0.030000 0.030000 0.030000 0.030000 0.030000 0.030000 0.030000 0.030000 0.030037 0.043777 
0.561091 0.406488 0.030000 0.030000 0.067798 0.051895 0.030000 0.030000 0.030000 0.030000 0.030000 0.030000 0.030000 0.030000 0.030000 0.030000 0.030018 0.083801 
0.552675 0.393548 0.030000 0.030000 0.030000 0.030000 0.030000 0.030000 0.030000 0.030000 0.030000 0.030000 0.030000 0.030000 0.030000 0.030000 0.030036 0.156416 
0.544385 0.439857 0.030000 0.030000 0.030000 0.030000 0.030000 0.030000 0.030000 0.030000 0.030000 0.030000 0.030000 0.030000 0.030000 0.030000 0.030221 0.109921 
0.536219 0.519540 0.030000 0.030000 0.030000 0.030000 0.030000 0.030000 0.030000 0.030000 0.030000 0.030000 0.030000 0.030000 0.030000 0.030000 0.030355 0.030104 
0.528176 0.282053 0.156551 0.063993 0.062424 0.030000 0.030000 0.030000 0.030000 0.030000 0.030000 0.030000 0.030000 0.030000 0.030000 0.030000 0.031262 0.073717 
0.520253 0.208913 0.149003 0.135214 0.049919 0.030000 0.030000 0.030000 0.030000 0.030000 0.030000 0.030000 0.030000 0.030000 0.030000 0.030000 0.030307 0.096644 
0.512449 0.514346 0.034894 0.030000 0.030000 0.030000 0.030000 0.030000 0.030000 0.030000 0.030000 0.030000 0.030000 0.030000 0.030000 0.030000 0.030720 0.030039 
0.504762 0.266280 0.123947 0.030000 0.030000 0.030000 0.110313 0.030000 0.044540 0.030000 0.030000 0.030000 0.030000 0.030000 0.030000 0.030000 0.030025 0.094895 
0.497191 0.269313 0.137934 0.030000 0.142843 0.030000 0.030000 0.030000 0.030000 0.030000 0.030000 0.030000 0.030000 0.030000 0.030000 0.030000 0.030596 0.059313 
0.489733 0.486863 0.030000 0.030000 0.030000 0.030000 0.030000 0.030000 0.030000 0.030000 0.030000 0.030000 0.030000 0.030000 0.030000 0.030000 0.030032 0.063105 
0.482387 0.210421 0.095464 0.205863 0.060321 0.030000 0.030000 0.030000 0.030000 0.030000 0.030000 0.030000 0.030000 0.030000 0.030000 0.030000 0.030047 0.067885 
0.475151 0.197173 0.095475 0.067495 0.030000 0.030000 0.150700 0.030000 0.030000 0.030000 0.030000 0.030000 0.030000 0.030000 0.030000 0.030000 0.030084 0.129073 
0.468024 0.348659 0.081915 0.064246 0.030000 0.030000 0.051167 0.030000 0.030000 0.030000 0.030000 0.030000 0.030000 0.030000 0.030000 0.030000 0.030602 0.093411 
0.461004 0.246311 0.207430 0.030000 0.030000 0.030000 0.089191 0.030000 0.030000 0.030000 0.030000 0.030000 0.030000 0.030000 0.030000 0.030000 0.030647 0.066421 
0.454089 0.186488 0.159278 0.056882 0.083420 0.030000 0.073761 0.030000 0.030000 0.030000 0.030000 0.030000 0.030000 0.030000 0.030000 0.030000 0.030451 0.109720 
0.447277 0.218273 0.199004 0.137168 0.035191 0.030000 0.030000 0.030000 0.030000 0.030000 0.030000 0.030000 0.030000 0.030000 0.030000 0.030000 0.030720 0.049644 
0.440568 0.367955 0.181852 0.030000 0.030000 0.030000 0.030000 0.030000 0.030000 0.030000 0.030000 0.030000 0.030000 0.030000 0.030000 0.030000 0.030089 0.030104 
0.433960 0.296466 0.143234 0.037074 0.030000 0.030000 0.030000 0.030000 0.030000 0.030000 0.030000 0.030000 0.030000 0.030000 0.030000 0.030000 0.030056 0.133170 
0.427450 0.381836 0.059365 0.030000 0.030000 0.030000 0.030000 0.030000 0.030000 0.030000 0.030000 0.030000 0.030000 0.030000 0.030000 0.030000 0.030104 0.138696 
0.421038 0.141095 0.397926 0.030000 0.030000 0.030000 0.030000 0.030000 0.030000 0.030000 0.030000 0.030000 0.030000 0.030000 0.030000 0.030000 0.031744 0.039235 
0.414723 0.413594 0.116000 0.030000 0.030000 0.030000 0.030000 0.030000 0.030000 0.030000 0.030000 0.030000 0.030000 0.030000 0.030000 0.030000 0.030029 0.050377 
0.408502 0.380222 0.143529 0.030000 0.030000 0.030000 0.030000 0.030000 0.030000 0.030000 0.030000 0.030000 0.030000 0.030000 0.030000 0.030000 0.030039 0.056210 
0.402374 0.403292 0.030000 0.030000 0.030000 0.030000 0.030000 0.030000 0.030000 0.030000 0.030000 0.030000 0.030000 0.030000 0.030000 0.030000 0.030318 0.146390 
0.396339 0.423391 0.057290 0.030000 0.030000 0.030000 0.030000 0.030000 0.030000 0.030000 0.030000 0.030000 0.030000 0.030000 0.030000 0.030000 0.030079 0.099239 
0.390394 0.412314 0.055937 0.030000 0.030000 0.030000 0.030000 0.030000 0.030000 0.030000 0.030000 0.030000 0.030000 0.030000 0.030000 0.030000 0.030014 0.111734 
0.384538 0.497809 0.030000 0.030000 0.030000 0.030000 0.030000 0.030000 0.030000 0.030000 0.030000 0.030000 0.030000 0.030000 0.030000 0.030000 0.030022 0.052169 
0.378770 0.284389 0.243404 0.030000 0.030000 0.030000 0.030000 0.030000 0.030000 0.030000 0.030000 0.030000 0.030000 0.030000 0.030000 0.030000 0.030342 0.051865 
0.373088 0.299243 0.207122 0.030000 0.030000 0.030000 0.030000 0.030000 0.030000 0.030000 0.030000 0.030000 0.030000 0.030000 0.030000 0.030000 0.030003 0.073632 
0.367492 0.279359 0.113576 0.030000 0.030000 0.030000 0.030000 0.030000 0.030000 0.030000 0.030000 0.030000 0.030000 0.030000 0.030000 0.030000 0.030763 0.186302 
0.361980 0.295233 0.030000 0.207794 0.030000 0.030000 0.030000 0.030000 0.030000 0.030000 0.030000 0.030000 0.030000 0.030000 0.030000 0.030000 0.030107 0.076866 
0.356550 0.519500 0.030000 0.030000 0.030000 0.030000 0.030000 0.030000 0.030000 0.030000 0.030000 0.030000 0.030000 0.030000 0.030000 0.030000 0.030228 0.030272 
0.351202 0.285575 0.141761 0.030000 0.030000 0.030000 0.073946 0.100155 0.030000 0.030000 0.030000 0.030000 0.030000 0.030000 0.030000 0.030000 0.030104 0.038459 
0.345934 0.337701 0.136007 0.030000 0.030000 0.067392 0.030000 0.051367 0.030000 0.030000 0.030000 0.030000 0.030000 0.030000 0.030000 0.030000 0.030100 0.047433 
0.340745 0.261218 0.258455 0.030000 0.030000 0.030000 0.030000 0.030000 0.030000 0.030000 0.030000 0.030000 0.030000 0.030000 0.030000 0.030000 0.030013 0.060314 
0.335633 0.306758 0.183017 0.030000 0.052464 0.030000 0.030000 0.030000 0.030000 0.030000 0.030000 0.030000 0.030000 0.030000 0.030000 0.030000 0.030835 0.066925 
0.330599 0.354202 0.147870 0.062717 0.030000 0.030000 0.030000 0.030000 0.030000 0.030000 0.030000 0.030000 0.030000 0.030000 0.030000 0.030000 0.030057 0.045153 
