17451.950731 0.059016 0.036066 0.068852 0.065574 0.081967 0.072131 0.055738 0.055738 0.068852 0.059016 0.036066 0.072131 0.039344 0.036066 0.098361 0.049180 0.045902 
14834.158122 0.009804 0.032680 0.035948 0.045752 0.045752 0.045752 0.039216 0.068627 0.075163 0.068627 0.101307 0.049020 0.114379 0.081699 0.107843 0.045752 0.032680 
12609.034403 0.031250 0.031250 0.023438 0.039062 0.070312 0.085938 0.054688 0.046875 0.085938 0.101562 0.062500 0.031250 0.093750 0.062500 0.085938 0.046875 0.046875 
10717.679243 0.022508 0.025723 0.041801 0.054662 0.067524 0.041801 0.057878 0.077170 0.070740 0.070740 0.054662 0.093248 0.067524 0.077170 0.112540 0.035370 0.028939 
9110.027357 0.047619 0.028571 0.028571 0.057143 0.019048 0.104762 0.066667 0.066667 0.038095 0.095238 0.038095 0.095238 0.038095 0.123810 0.076190 0.038095 0.038095 
7743.523253 0.039877 0.015337 0.061350 0.033742 0.042945 0.076687 0.036810 0.061350 0.076687 0.095092 0.070552 0.052147 0.159509 0.033742 0.082822 0.036810 0.024540 
6581.994765 0.020513 0.020513 0.076923 0.035897 0.051282 0.076923 0.082051 0.056410 0.056410 0.056410 0.082051 0.087179 0.092308 0.082051 0.082051 0.015385 0.025641 
5594.695550 0.026786 0.032738 0.026786 0.056548 0.044643 0.035714 0.020833 0.053571 0.077381 0.080357 0.089286 0.095238 0.053571 0.095238 0.148810 0.026786 0.035714 
4755.491218 0.052632 0.060150 0.060150 0.052632 0.037594 0.030075 0.075188 0.082707 0.037594 0.045113 0.075188 0.075188 0.082707 0.105263 0.090226 0.030075 0.007519 
4042.167535 0.030675 0.036810 0.058282 0.052147 0.039877 0.024540 0.046012 0.046012 0.058282 0.067485 0.092025 0.098160 0.073620 0.125767 0.113497 0.009202 0.027607 
3435.842405 0.023697 0.028436 0.033175 0.037915 0.033175 0.052133 0.099526 0.061611 0.085308 0.061611 0.099526 0.104265 0.080569 0.090047 0.056872 0.033175 0.018957 
2920.466044 0.031496 0.031496 0.023622 0.047244 0.055118 0.039370 0.086614 0.062992 0.031496 0.125984 0.047244 0.047244 0.055118 0.102362 0.157480 0.039370 0.015748 
2482.396137 0.042945 0.030675 0.046012 0.055215 0.030675 0.046012 0.055215 0.088957 0.076687 0.070552 0.070552 0.070552 0.076687 0.079755 0.098160 0.039877 0.021472 
2110.036717 0.057851 0.024793 0.049587 0.049587 0.024793 0.033058 0.074380 0.074380 0.115702 0.074380 0.049587 0.057851 0.074380 0.082645 0.082645 0.033058 0.041322 
1793.531209 0.047337 0.041420 0.041420 0.035503 0.053254 0.047337 0.059172 0.071006 0.094675 0.059172 0.082840 0.059172 0.118343 0.065089 0.065089 0.029586 0.029586 
1524.501528 0.031447 0.062893 0.028302 0.034591 0.050314 0.059748 0.040881 0.069182 0.053459 0.047170 0.072327 0.053459 0.053459 0.110063 0.150943 0.044025 0.037736 
1295.826299 0.043103 0.051724 0.017241 0.068966 0.060345 0.060345 0.025862 0.060345 0.077586 0.103448 0.060345 0.086207 0.077586 0.094828 0.060345 0.025862 0.025862 
1101.452354 0.051724 0.034483 0.017241 0.051724 0.043103 0.068966 0.051724 0.103448 0.051724 0.163793 0.051724 0.077586 0.060345 0.043103 0.043103 0.034483 0.051724 
936.234501 0.031915 0.021277 0.039007 0.039007 0.031915 0.035461 0.039007 0.081560 0.074468 0.067376 0.081560 0.117021 0.148936 0.046099 0.088652 0.024823 0.031915 
795.799326 0.012500 0.056250 0.037500 0.043750 0.056250 0.012500 0.106250 0.081250 0.050000 0.106250 0.043750 0.043750 0.081250 0.087500 0.118750 0.018750 0.043750 
676.429427 0.023438 0.031250 0.046875 0.054688 0.062500 0.046875 0.070312 0.085938 0.078125 0.046875 0.062500 0.171875 0.039062 0.046875 0.046875 0.039062 0.046875 
574.965013 0.022951 0.029508 0.022951 0.059016 0.049180 0.098361 0.065574 0.042623 0.088525 0.072131 0.052459 0.075410 0.131148 0.059016 0.072131 0.026230 0.032787 
488.720261 0.032154 0.054662 0.045016 0.025723 0.038585 0.051447 0.035370 0.083601 0.070740 0.057878 0.054662 0.106109 0.073955 0.102894 0.118971 0.022508 0.025723 
415.412222 0.020000 0.045000 0.045000 0.035000 0.060000 0.050000 0.065000 0.060000 0.050000 0.090000 0.090000 0.070000 0.105000 0.080000 0.090000 0.020000 0.025000 
353.100389 0.034483 0.021944 0.043887 0.065831 0.037618 0.050157 0.050157 0.072100 0.122257 0.056426 0.068966 0.100313 0.047022 0.078370 0.072100 0.028213 0.050157 
300.135330 0.055901 0.046584 0.052795 0.046584 0.055901 0.077640 0.074534 0.059006 0.055901 0.059006 0.065217 0.062112 0.083851 0.083851 0.068323 0.024845 0.027950 
255.115031 0.019231 0.028846 0.048077 0.041667 0.070513 0.057692 0.070513 0.057692 0.035256 0.073718 0.089744 0.089744 0.048077 0.096154 0.086538 0.035256 0.051282 
216.847776 0.040625 0.040625 0.050000 0.062500 0.053125 0.050000 0.071875 0.090625 0.053125 0.084375 0.078125 0.053125 0.046875 0.096875 0.068750 0.021875 0.037500 
184.320610 0.025559 0.035144 0.067093 0.035144 0.041534 0.038339 0.070288 0.051118 0.092652 0.099042 0.070288 0.038339 0.047923 0.124601 0.115016 0.031949 0.015974 
156.672518 0.029046 0.033195 0.049793 0.008299 0.062241 0.016598 0.070539 0.112033 0.074689 0.045643 0.058091 0.074689 0.132780 0.087137 0.087137 0.037344 0.020747 
133.171640 0.022472 0.028090 0.022472 0.095506 0.061798 0.033708 0.039326 0.039326 0.106742 0.078652 0.084270 0.067416 0.089888 0.056180 0.095506 0.028090 0.050562 
113.195894 0.040000 0.040000 0.100000 0.048000 0.052000 0.028000 0.044000 0.104000 0.116000 0.056000 0.036000 0.024000 0.036000 0.108000 0.116000 0.036000 0.016000 
96.216510 0.013333 0.060000 0.060000 0.080000 0.040000 0.053333 0.066667 0.053333 0.053333 0.066667 0.073333 0.060000 0.086667 0.066667 0.126667 0.013333 0.026667 
81.784034 0.021605 0.030864 0.070988 0.033951 0.046296 0.095679 0.058642 0.049383 0.055556 0.070988 0.064815 0.037037 0.070988 0.132716 0.092593 0.040123 0.027778 
69.516429 0.033784 0.013514 0.087838 0.067568 0.074324 0.033784 0.060811 0.094595 0.094595 0.054054 0.040541 0.094595 0.047297 0.054054 0.094595 0.027027 0.027027 
59.088964 0.009434 0.018868 0.066038 0.037736 0.075472 0.160377 0.066038 0.056604 0.113208 0.028302 0.009434 0.056604 0.018868 0.094340 0.084906 0.028302 0.075472 
50.225620 0.025862 0.103448 0.060345 0.094828 0.051724 0.094828 0.043103 0.017241 0.077586 0.094828 0.017241 0.094828 0.034483 0.060345 0.086207 0.025862 0.017241 
42.691777 0.045902 0.042623 0.055738 0.029508 0.088525 0.055738 0.111475 0.029508 0.075410 0.062295 0.042623 0.114754 0.045902 0.095082 0.055738 0.022951 0.026230 
36.288010 0.036066 0.039344 0.045902 0.019672 0.052459 0.055738 0.091803 0.055738 0.022951 0.072131 0.078689 0.098361 0.108197 0.091803 0.065574 0.042623 0.022951 
30.844809 0.026230 0.085246 0.029508 0.042623 0.068852 0.081967 0.045902 0.108197 0.019672 0.039344 0.104918 0.098361 0.036066 0.068852 0.078689 0.022951 0.042623 
26.218087 0.042328 0.052910 0.068783 0.037037 0.052910 0.068783 0.068783 0.042328 0.084656 0.079365 0.068783 0.047619 0.095238 0.063492 0.084656 0.037037 0.005291 
22.285374 0.039344 0.029508 0.062295 0.045902 0.065574 0.091803 0.052459 0.081967 0.075410 0.062295 0.072131 0.088525 0.059016 0.059016 0.065574 0.026230 0.022951 
18.942568 0.008850 0.053097 0.044248 0.115044 0.035398 0.070796 0.070796 0.088496 0.026549 0.079646 0.070796 0.106195 0.035398 0.070796 0.053097 0.026549 0.044248 
16.101183 0.009836 0.022951 0.042623 0.062295 0.036066 0.032787 0.075410 0.091803 0.121311 0.052459 0.045902 0.065574 0.078689 0.085246 0.124590 0.019672 0.032787 
13.686005 0.016129 0.044355 0.028226 0.072581 0.076613 0.032258 0.044355 0.084677 0.048387 0.052419 0.092742 0.120968 0.088710 0.080645 0.056452 0.024194 0.036290 
11.633105 0.062295 0.052459 0.026230 0.045902 0.108197 0.049180 0.062295 0.052459 0.068852 0.124590 0.055738 0.072131 0.065574 0.059016 0.052459 0.019672 0.022951 
9.888139 0.039474 0.078947 0.046053 0.105263 0.065789 0.065789 0.078947 0.072368 0.065789 0.039474 0.078947 0.046053 0.039474 0.052632 0.059211 0.026316 0.039474 
8.404918 0.065217 0.021739 0.028986 0.043478 0.043478 0.101449 0.065217 0.043478 0.086957 0.043478 0.050725 0.072464 0.130435 0.065217 0.101449 0.028986 0.007246 
7.144180 0.053812 0.040359 0.017937 0.049327 0.040359 0.107623 0.062780 0.044843 0.062780 0.062780 0.044843 0.103139 0.071749 0.089686 0.040359 0.044843 0.062780 
6.072553 0.032787 0.036066 0.029508 0.045902 0.032787 0.049180 0.052459 0.065574 0.081967 0.095082 0.127869 0.075410 0.075410 0.065574 0.078689 0.019672 0.036066 
5.161670 0.022951 0.036066 0.055738 0.042623 0.062295 0.065574 0.052459 0.022951 0.065574 0.101639 0.068852 0.111475 0.088525 0.081967 0.059016 0.029508 0.032787 
4.387420 0.033333 0.040000 0.060000 0.060000 0.073333 0.033333 0.080000 0.106667 0.040000 0.066667 0.106667 0.073333 0.053333 0.033333 0.073333 0.026667 0.040000 
3.729307 0.042623 0.022951 0.075410 0.072131 0.104918 0.091803 0.059016 0.042623 0.068852 0.091803 0.032787 0.088525 0.039344 0.088525 0.045902 0.016393 0.016393 
3.169911 0.049180 0.045902 0.029508 0.065574 0.039344 0.032787 0.101639 0.108197 0.032787 0.078689 0.081967 0.088525 0.042623 0.081967 0.068852 0.022951 0.029508 
2.694424 0.009259 0.041667 0.087963 0.097222 0.023148 0.064815 0.027778 0.018519 0.115741 0.097222 0.069444 0.064815 0.046296 0.078704 0.106481 0.027778 0.023148 
2.290261 0.072368 0.026316 0.059211 0.085526 0.039474 0.105263 0.105263 0.039474 0.098684 0.039474 0.026316 0.072368 0.059211 0.046053 0.092105 0.019737 0.013158 
1.946721 0.026230 0.029508 0.052459 0.072131 0.059016 0.062295 0.081967 0.036066 0.072131 0.026230 0.085246 0.091803 0.088525 0.081967 0.072131 0.022951 0.039344 
1.656374 0.036066 0.032787 0.062295 0.059016 0.059016 0.072131 0.062295 0.049180 0.042623 0.042623 0.111475 0.062295 0.062295 0.085246 0.072131 0.036066 0.052459 
1.407918 0.021390 0.064171 0.090909 0.037433 0.064171 0.096257 0.064171 0.069519 0.064171 0.058824 0.069519 0.032086 0.069519 0.085561 0.064171 0.016043 0.032086 
1.361151 0.046729 0.084112 0.084112 0.018692 0.084112 0.112150 0.037383 0.009346 0.074766 0.037383 0.084112 0.121495 0.028037 0.056075 0.056075 0.028037 0.037383 
1.340734 0.018519 0.046296 0.055556 0.129630 0.027778 0.138889 0.064815 0.018519 0.055556 0.037037 0.175926 0.037037 0.037037 0.037037 0.064815 0.027778 0.027778 
1.139624 0.022059 0.073529 0.007353 0.044118 0.220588 0.102941 0.125000 0.014706 0.007353 0.044118 0.110294 0.044118 0.036765 0.029412 0.044118 0.029412 0.044118 
0.996157 0.042623 0.042623 0.137705 0.059016 0.049180 0.098361 0.075410 0.019672 0.232787 0.022951 0.032787 0.032787 0.039344 0.036066 0.026230 0.026230 0.026230 
0.981214 0.048780 0.081301 0.073171 0.048780 0.130081 0.089431 0.105691 0.097561 0.056911 0.048780 0.016260 0.040650 0.105691 0.008130 0.040650 0.000000 0.008130 
0.957313 0.054545 0.081818 0.000000 0.181818 0.072727 0.081818 0.109091 0.136364 0.054545 0.018182 0.063636 0.027273 0.018182 0.027273 0.054545 0.009091 0.009091 
0.923266 0.013115 0.065574 0.022951 0.042623 0.022951 0.059016 0.134426 0.045902 0.059016 0.029508 0.065574 0.042623 0.118033 0.157377 0.065574 0.022951 0.032787 
0.909417 0.027027 0.054054 0.081081 0.027027 0.225225 0.081081 0.045045 0.063063 0.036036 0.072072 0.072072 0.009009 0.045045 0.045045 0.054054 0.018018 0.045045 
0.773005 0.023179 0.059603 0.049669 0.052980 0.056291 0.112583 0.112583 0.135762 0.079470 0.052980 0.049669 0.023179 0.059603 0.029801 0.033113 0.026490 0.043046 
0.761410 0.060345 0.068966 0.043103 0.077586 0.077586 0.025862 0.077586 0.068966 0.051724 0.068966 0.025862 0.043103 0.068966 0.068966 0.112069 0.043103 0.017241 
0.740278 0.017857 0.023810 0.077381 0.125000 0.059524 0.029762 0.077381 0.053571 0.071429 0.041667 0.107143 0.089286 0.065476 0.041667 0.041667 0.035714 0.041667 
0.729173 0.045455 0.127273 0.081818 0.081818 0.090909 0.018182 0.081818 0.036364 0.045455 0.054545 0.054545 0.063636 0.072727 0.018182 0.045455 0.018182 0.063636 
0.714150 0.060345 0.051724 0.068966 0.060345 0.043103 0.060345 0.008621 0.017241 0.137931 0.051724 0.034483 0.241379 0.043103 0.017241 0.025862 0.017241 0.060345 
0.702738 0.065574 0.157377 0.098361 0.045902 0.072131 0.124590 0.029508 0.026230 0.049180 0.016393 0.042623 0.019672 0.088525 0.042623 0.039344 0.052459 0.029508 
0.692197 0.043478 0.060870 0.052174 0.095652 0.113043 0.034783 0.026087 0.095652 0.078261 0.043478 0.052174 0.052174 0.060870 0.095652 0.043478 0.017391 0.034783 
0.656152 0.045902 0.088525 0.167213 0.101639 0.065574 0.022951 0.029508 0.045902 0.039344 0.150820 0.016393 0.032787 0.022951 0.072131 0.042623 0.029508 0.026230 
0.646310 0.033898 0.067797 0.093220 0.093220 0.059322 0.084746 0.127119 0.016949 0.025424 0.076271 0.050847 0.025424 0.033898 0.050847 0.084746 0.042373 0.033898 
0.636615 0.063636 0.081818 0.054545 0.045455 0.054545 0.045455 0.109091 0.054545 0.081818 0.009091 0.081818 0.127273 0.018182 0.009091 0.072727 0.036364 0.054545 
0.627066 0.059701 0.037313 0.052239 0.037313 0.141791 0.059701 0.014925 0.089552 0.044776 0.044776 0.089552 0.164179 0.037313 0.037313 0.037313 0.022388 0.029851 
0.595940 0.065574 0.016393 0.045902 0.081967 0.114754 0.075410 0.039344 0.022951 0.039344 0.154098 0.075410 0.055738 0.042623 0.091803 0.026230 0.019672 0.032787 
0.566006 0.086420 0.080247 0.123457 0.037037 0.024691 0.055556 0.049383 0.018519 0.018519 0.043210 0.080247 0.179012 0.018519 0.055556 0.037037 0.043210 0.049383 
0.543944 0.052459 0.095082 0.118033 0.193443 0.104918 0.029508 0.085246 0.029508 0.016393 0.065574 0.039344 0.039344 0.022951 0.029508 0.019672 0.036066 0.022951 
0.535785 0.036036 0.099099 0.081081 0.072072 0.018018 0.036036 0.090090 0.108108 0.009009 0.036036 0.027027 0.063063 0.054054 0.063063 0.180180 0.000000 0.027027 
0.527748 0.053097 0.097345 0.070796 0.203540 0.035398 0.097345 0.088496 0.035398 0.035398 0.061947 0.000000 0.053097 0.035398 0.035398 0.061947 0.026549 0.008850 
0.519832 0.133929 0.080357 0.071429 0.107143 0.026786 0.107143 0.035714 0.026786 0.026786 0.026786 0.026786 0.080357 0.035714 0.026786 0.187500 0.000000 0.000000 
0.512035 0.058333 0.075000 0.083333 0.033333 0.116667 0.025000 0.075000 0.041667 0.016667 0.025000 0.216667 0.041667 0.025000 0.033333 0.058333 0.016667 0.058333 
0.504354 0.019672 0.026230 0.055738 0.029508 0.088525 0.088525 0.022951 0.019672 0.039344 0.036066 0.022951 0.088525 0.039344 0.140984 0.226230 0.016393 0.039344 
0.476416 0.026230 0.118033 0.059016 0.042623 0.059016 0.032787 0.019672 0.147541 0.049180 0.137705 0.026230 0.009836 0.111475 0.029508 0.065574 0.039344 0.026230 
0.469270 0.018349 0.055046 0.064220 0.100917 0.110092 0.045872 0.036697 0.018349 0.055046 0.082569 0.082569 0.119266 0.036697 0.082569 0.036697 0.036697 0.018349 
0.450338 0.049180 0.078689 0.039344 0.127869 0.114754 0.059016 0.104918 0.042623 0.108197 0.036066 0.039344 0.078689 0.016393 0.029508 0.036066 0.022951 0.016393 
0.443583 0.042735 0.051282 0.119658 0.119658 0.085470 0.051282 0.094017 0.042735 0.042735 0.059829 0.000000 0.136752 0.034188 0.017094 0.042735 0.034188 0.025641 
0.436930 0.042017 0.042017 0.058824 0.075630 0.176471 0.025210 0.109244 0.168067 0.025210 0.050420 0.042017 0.016807 0.050420 0.042017 0.025210 0.042017 0.008403 
0.430376 0.078740 0.141732 0.055118 0.086614 0.094488 0.157480 0.078740 0.039370 0.007874 0.039370 0.023622 0.023622 0.062992 0.031496 0.031496 0.039370 0.007874 
0.423920 0.061404 0.122807 0.263158 0.070175 0.026316 0.052632 0.078947 0.026316 0.026316 0.008772 0.026316 0.043860 0.043860 0.026316 0.052632 0.026316 0.043860 
0.417561 0.042017 0.067227 0.016807 0.067227 0.050420 0.042017 0.033613 0.016807 0.033613 0.378151 0.050420 0.050420 0.058824 0.042017 0.025210 0.008403 0.016807 
0.411298 0.032787 0.052459 0.032787 0.065574 0.062295 0.072131 0.032787 0.032787 0.144262 0.045902 0.091803 0.022951 0.137705 0.032787 0.052459 0.049180 0.039344 
0.405128 0.026230 0.065574 0.078689 0.055738 0.045902 0.052459 0.095082 0.062295 0.088525 0.078689 0.098361 0.055738 0.042623 0.029508 0.039344 0.045902 0.039344 
0.399051 0.061538 0.061538 0.069231 0.076923 0.115385 0.069231 0.038462 0.061538 0.053846 0.046154 0.038462 0.107692 0.046154 0.069231 0.030769 0.023077 0.030769 
0.393066 0.044248 0.123894 0.070796 0.115044 0.132743 0.026549 0.079646 0.044248 0.026549 0.088496 0.017699 0.053097 0.035398 0.044248 0.061947 0.017699 0.017699 
0.387170 0.041667 0.101190 0.071429 0.041667 0.065476 0.047619 0.077381 0.136905 0.029762 0.035714 0.017857 0.113095 0.065476 0.047619 0.035714 0.047619 0.023810 
0.381362 0.139130 0.095652 0.026087 0.104348 0.034783 0.034783 0.060870 0.043478 0.043478 0.008696 0.043478 0.034783 0.095652 0.043478 0.121739 0.017391 0.052174 
0.375642 0.065574 0.114754 0.065574 0.054645 0.098361 0.027322 0.076503 0.125683 0.049180 0.016393 0.032787 0.103825 0.021858 0.021858 0.043716 0.043716 0.038251 
0.370007 0.029508 0.108197 0.134426 0.180328 0.173770 0.032787 0.039344 0.032787 0.042623 0.019672 0.022951 0.029508 0.032787 0.022951 0.029508 0.036066 0.032787 
0.364457 0.106870 0.068702 0.106870 0.061069 0.061069 0.045802 0.053435 0.022901 0.030534 0.038168 0.152672 0.068702 0.053435 0.038168 0.030534 0.030534 0.030534 
0.356676 0.091803 0.088525 0.186885 0.098361 0.019672 0.026230 0.075410 0.009836 0.140984 0.029508 0.032787 0.045902 0.029508 0.029508 0.036066 0.026230 0.032787 
0.351326 0.063636 0.072727 0.100000 0.109091 0.072727 0.063636 0.100000 0.045455 0.036364 0.045455 0.036364 0.036364 0.072727 0.018182 0.054545 0.072727 0.000000 
0.345001 0.045902 0.081967 0.104918 0.167213 0.019672 0.032787 0.059016 0.147541 0.022951 0.019672 0.059016 0.032787 0.098361 0.006557 0.029508 0.026230 0.045902 
0.339826 0.160377 0.132075 0.132075 0.028302 0.028302 0.037736 0.047170 0.066038 0.037736 0.018868 0.066038 0.056604 0.056604 0.000000 0.018868 0.056604 0.056604 
0.334729 0.057377 0.114754 0.081967 0.040984 0.098361 0.090164 0.040984 0.057377 0.081967 0.040984 0.016393 0.139344 0.016393 0.008197 0.016393 0.057377 0.040984 
0.329708 0.108108 0.081081 0.162162 0.045045 0.135135 0.063063 0.027027 0.090090 0.063063 0.036036 0.027027 0.045045 0.027027 0.018018 0.027027 0.000000 0.045045 
0.324762 0.135593 0.127119 0.110169 0.135593 0.211864 0.016949 0.025424 0.008475 0.033898 0.033898 0.008475 0.025424 0.016949 0.033898 0.000000 0.033898 0.042373 
0.319891 0.197080 0.094891 0.138686 0.124088 0.036496 0.058394 0.036496 0.036496 0.051095 0.007299 0.029197 0.029197 0.021898 0.043796 0.021898 0.029197 0.043796 
0.315092 0.055046 0.137615 0.082569 0.091743 0.211009 0.018349 0.091743 0.045872 0.018349 0.018349 0.018349 0.045872 0.036697 0.009174 0.036697 0.045872 0.036697 
0.310366 0.036364 0.190909 0.018182 0.090909 0.109091 0.018182 0.045455 0.018182 0.018182 0.045455 0.100000 0.027273 0.036364 0.027273 0.100000 0.054545 0.063636 
0.305710 0.057851 0.107438 0.041322 0.074380 0.049587 0.314050 0.016529 0.008264 0.041322 0.082645 0.041322 0.024793 0.024793 0.008264 0.057851 0.008264 0.041322 
0.301125 0.042017 0.075630 0.100840 0.050420 0.025210 0.016807 0.092437 0.033613 0.176471 0.050420 0.050420 0.092437 0.025210 0.050420 0.033613 0.033613 0.050420 
0.296608 0.056000 0.152000 0.064000 0.088000 0.016000 0.048000 0.080000 0.032000 0.016000 0.032000 0.096000 0.008000 0.032000 0.040000 0.160000 0.032000 0.048000 
0.286532 0.042623 0.104918 0.055738 0.111475 0.045902 0.068852 0.052459 0.052459 0.026230 0.045902 0.049180 0.029508 0.016393 0.114754 0.111475 0.029508 0.042623 
0.282234 0.059322 0.067797 0.169492 0.050847 0.161017 0.076271 0.135593 0.059322 0.025424 0.008475 0.033898 0.033898 0.016949 0.025424 0.042373 0.025424 0.008475 
0.272390 0.036066 0.072131 0.055738 0.177049 0.118033 0.042623 0.036066 0.055738 0.022951 0.036066 0.147541 0.036066 0.039344 0.036066 0.016393 0.045902 0.026230 
0.268304 0.096000 0.048000 0.120000 0.120000 0.072000 0.032000 0.064000 0.128000 0.032000 0.048000 0.040000 0.032000 0.024000 0.048000 0.032000 0.008000 0.056000 
0.264279 0.039007 0.088652 0.095745 0.053191 0.145390 0.177305 0.031915 0.092199 0.024823 0.017730 0.035461 0.017730 0.039007 0.024823 0.042553 0.035461 0.039007 
0.255818 0.088525 0.147541 0.085246 0.065574 0.078689 0.072131 0.062295 0.078689 0.029508 0.022951 0.039344 0.019672 0.026230 0.022951 0.085246 0.049180 0.026230 
0.251980 0.071429 0.126984 0.126984 0.047619 0.071429 0.111111 0.103175 0.103175 0.023810 0.047619 0.031746 0.000000 0.039683 0.031746 0.007937 0.031746 0.023810 
18235.526100 0.065359 0.075163 0.032680 0.068627 0.042484 0.065359 0.042484 0.049020 0.088235 0.052288 0.045752 0.042484 0.042484 0.068627 0.091503 0.065359 0.062092 
15500.197185 0.023810 0.031746 0.047619 0.039683 0.039683 0.055556 0.015873 0.055556 0.079365 0.071429 0.087302 0.095238 0.071429 0.166667 0.055556 0.015873 0.047619 
13175.167607 0.041667 0.028846 0.048077 0.067308 0.054487 0.038462 0.060897 0.044872 0.044872 0.102564 0.096154 0.057692 0.048077 0.086538 0.105769 0.048077 0.025641 
11198.892466 0.008264 0.041322 0.082645 0.074380 0.107438 0.033058 0.066116 0.033058 0.074380 0.066116 0.066116 0.049587 0.099174 0.082645 0.057851 0.016529 0.041322 
9519.058596 0.012500 0.016667 0.037500 0.045833 0.045833 0.054167 0.037500 0.029167 0.058333 0.079167 0.133333 0.029167 0.091667 0.100000 0.175000 0.016667 0.037500 
8091.199807 0.030534 0.030534 0.045802 0.045802 0.045802 0.034351 0.080153 0.049618 0.072519 0.061069 0.061069 0.080153 0.095420 0.095420 0.114504 0.022901 0.034351 
6877.519836 0.006944 0.020833 0.069444 0.083333 0.034722 0.069444 0.034722 0.027778 0.034722 0.048611 0.027778 0.138889 0.111111 0.159722 0.083333 0.020833 0.027778 
5845.891860 0.019608 0.032680 0.055556 0.049020 0.029412 0.065359 0.042484 0.071895 0.029412 0.081699 0.091503 0.114379 0.081699 0.101307 0.081699 0.022876 0.029412 
4969.008081 0.022124 0.048673 0.066372 0.030973 0.057522 0.026549 0.053097 0.044248 0.066372 0.119469 0.084071 0.092920 0.097345 0.088496 0.057522 0.017699 0.026549 
4223.656869 0.048458 0.044053 0.035242 0.048458 0.057269 0.057269 0.022026 0.066079 0.079295 0.057269 0.039648 0.066079 0.110132 0.092511 0.118943 0.035242 0.022026 
3590.108339 0.029126 0.032362 0.055016 0.045307 0.058252 0.048544 0.074434 0.093851 0.064725 0.058252 0.064725 0.064725 0.077670 0.097087 0.080906 0.022654 0.032362 
3051.592088 0.037037 0.037037 0.055556 0.027778 0.046296 0.046296 0.046296 0.018519 0.009259 0.129630 0.101852 0.148148 0.111111 0.101852 0.037037 0.037037 0.009259 
2593.853275 0.036649 0.026178 0.026178 0.041885 0.031414 0.015707 0.094241 0.041885 0.099476 0.151832 0.052356 0.115183 0.104712 0.089005 0.026178 0.026178 0.020942 
2204.775284 0.019293 0.061093 0.048232 0.067524 0.061093 0.080386 0.048232 0.048232 0.083601 0.048232 0.067524 0.061093 0.083601 0.077170 0.070740 0.035370 0.038585 
1874.058991 0.029508 0.016393 0.049180 0.049180 0.042623 0.049180 0.068852 0.055738 0.065574 0.091803 0.068852 0.085246 0.045902 0.114754 0.111475 0.042623 0.013115 
1592.950142 0.062893 0.037736 0.056604 0.062893 0.018868 0.062893 0.050314 0.025157 0.081761 0.031447 0.113208 0.088050 0.056604 0.081761 0.125786 0.012579 0.031447 
1354.007621 0.055046 0.064220 0.027523 0.036697 0.045872 0.064220 0.055046 0.137615 0.045872 0.027523 0.018349 0.110092 0.055046 0.100917 0.091743 0.027523 0.036697 
1150.906478 0.018519 0.027778 0.046296 0.009259 0.055556 0.046296 0.046296 0.083333 0.046296 0.055556 0.120370 0.074074 0.092593 0.083333 0.111111 0.074074 0.009259 
978.270506 0.027523 0.036697 0.045872 0.018349 0.036697 0.027523 0.082569 0.064220 0.137615 0.082569 0.082569 0.100917 0.073394 0.045872 0.110092 0.009174 0.018349 
831.529930 0.039088 0.039088 0.035831 0.042345 0.065147 0.068404 0.039088 0.052117 0.074919 0.045603 0.074919 0.074919 0.104235 0.068404 0.120521 0.026059 0.029316 
706.800441 0.033784 0.054054 0.040541 0.040541 0.020270 0.047297 0.060811 0.020270 0.081081 0.081081 0.087838 0.101351 0.040541 0.114865 0.121622 0.013514 0.040541 
600.780375 0.026316 0.035088 0.035088 0.052632 0.070175 0.052632 0.043860 0.105263 0.061404 0.087719 0.017544 0.149123 0.052632 0.087719 0.096491 0.008772 0.017544 
510.663318 0.033846 0.033846 0.036923 0.061538 0.049231 0.055385 0.055385 0.058462 0.055385 0.089231 0.132308 0.049231 0.070769 0.110769 0.046154 0.024615 0.036923 
434.063821 0.015873 0.023810 0.047619 0.031746 0.047619 0.047619 0.023810 0.079365 0.103175 0.039683 0.063492 0.158730 0.087302 0.087302 0.055556 0.039683 0.047619 
368.954248 0.038168 0.045802 0.045802 0.053435 0.045802 0.076336 0.076336 0.099237 0.091603 0.030534 0.038168 0.061069 0.106870 0.076336 0.068702 0.038168 0.007634 
313.611110 0.036036 0.054054 0.045045 0.027027 0.108108 0.054054 0.072072 0.081081 0.036036 0.135135 0.027027 0.027027 0.072072 0.090090 0.081081 0.027027 0.027027 
266.569444 0.039216 0.032680 0.042484 0.042484 0.032680 0.045752 0.035948 0.081699 0.032680 0.062092 0.094771 0.098039 0.075163 0.081699 0.117647 0.049020 0.035948 
226.584027 0.038217 0.031847 0.044586 0.057325 0.082803 0.031847 0.063694 0.082803 0.063694 0.095541 0.076433 0.076433 0.057325 0.082803 0.089172 0.012739 0.012739 
192.596423 0.029508 0.039344 0.085246 0.039344 0.042623 0.029508 0.078689 0.091803 0.108197 0.052459 0.059016 0.081967 0.032787 0.098361 0.078689 0.016393 0.036066 
163.706960 0.019672 0.062295 0.042623 0.055738 0.029508 0.108197 0.039344 0.055738 0.104918 0.072131 0.075410 0.052459 0.039344 0.095082 0.091803 0.019672 0.036066 
139.150916 0.039801 0.044776 0.054726 0.049751 0.049751 0.069652 0.054726 0.074627 0.059701 0.084577 0.054726 0.074627 0.044776 0.074627 0.089552 0.034826 0.044776 
118.278278 0.022951 0.045902 0.068852 0.039344 0.045902 0.052459 0.049180 0.108197 0.052459 0.078689 0.088525 0.045902 0.095082 0.075410 0.081967 0.022951 0.026230 
100.536537 0.032787 0.029508 0.072131 0.055738 0.075410 0.062295 0.052459 0.095082 0.052459 0.085246 0.059016 0.095082 0.078689 0.039344 0.055738 0.026230 0.032787 
85.456056 0.036066 0.039344 0.032787 0.036066 0.032787 0.065574 0.052459 0.055738 0.065574 0.085246 0.049180 0.085246 0.059016 0.134426 0.101639 0.026230 0.042623 
72.637648 0.016807 0.067227 0.042017 0.058824 0.033613 0.033613 0.075630 0.075630 0.050420 0.058824 0.033613 0.075630 0.075630 0.100840 0.126050 0.025210 0.050420 
61.742001 0.032787 0.045902 0.016393 0.039344 0.068852 0.075410 0.045902 0.091803 0.062295 0.065574 0.085246 0.098361 0.065574 0.091803 0.045902 0.036066 0.032787 
52.480700 0.022951 0.026230 0.049180 0.042623 0.055738 0.039344 0.055738 0.062295 0.075410 0.085246 0.062295 0.078689 0.127869 0.062295 0.085246 0.049180 0.019672 
44.608595 0.029508 0.036066 0.026230 0.055738 0.042623 0.042623 0.075410 0.062295 0.091803 0.101639 0.045902 0.078689 0.085246 0.081967 0.095082 0.032787 0.016393 
37.917306 0.038462 0.038462 0.044872 0.019231 0.096154 0.076923 0.089744 0.057692 0.089744 0.032051 0.076923 0.070513 0.057692 0.070513 0.083333 0.038462 0.019231 
32.229710 0.035971 0.014388 0.050360 0.043165 0.064748 0.093525 0.035971 0.107914 0.021583 0.035971 0.050360 0.064748 0.129496 0.086331 0.115108 0.028777 0.021583 
27.395254 0.018018 0.018018 0.054054 0.018018 0.072072 0.027027 0.072072 0.063063 0.081081 0.027027 0.090090 0.063063 0.108108 0.153153 0.090090 0.027027 0.018018 
23.285966 0.045455 0.041958 0.041958 0.041958 0.041958 0.045455 0.076923 0.094406 0.073427 0.118881 0.083916 0.045455 0.055944 0.069930 0.059441 0.034965 0.027972 
19.793071 0.017241 0.077586 0.017241 0.094828 0.025862 0.068966 0.043103 0.043103 0.051724 0.094828 0.068966 0.086207 0.051724 0.094828 0.077586 0.034483 0.051724 
16.824110 0.009346 0.051402 0.056075 0.056075 0.102804 0.060748 0.074766 0.042056 0.065421 0.093458 0.093458 0.042056 0.084112 0.056075 0.060748 0.032710 0.018692 
14.300494 0.024390 0.024390 0.030488 0.042683 0.042683 0.054878 0.079268 0.115854 0.073171 0.054878 0.091463 0.091463 0.091463 0.054878 0.054878 0.036585 0.036585 
12.155420 0.035088 0.070175 0.030702 0.035088 0.078947 0.061404 0.039474 0.070175 0.048246 0.061404 0.092105 0.065789 0.122807 0.061404 0.078947 0.017544 0.030702 
10.332107 0.032787 0.068852 0.042623 0.059016 0.065574 0.049180 0.036066 0.055738 0.068852 0.075410 0.032787 0.098361 0.111475 0.101639 0.036066 0.036066 0.029508 
8.782291 0.016667 0.025000 0.058333 0.066667 0.041667 0.091667 0.016667 0.058333 0.075000 0.091667 0.058333 0.075000 0.058333 0.058333 0.125000 0.025000 0.058333 
7.464947 0.039344 0.039344 0.022951 0.059016 0.016393 0.065574 0.065574 0.065574 0.052459 0.081967 0.111475 0.078689 0.081967 0.078689 0.075410 0.026230 0.039344 
6.345205 0.023669 0.053254 0.065089 0.071006 0.047337 0.076923 0.041420 0.118343 0.071006 0.071006 0.041420 0.059172 0.071006 0.053254 0.082840 0.023669 0.029586 
5.393424 0.028571 0.035714 0.064286 0.064286 0.078571 0.071429 0.028571 0.064286 0.064286 0.092857 0.050000 0.050000 0.085714 0.114286 0.050000 0.035714 0.021429 
4.584411 0.046154 0.061538 0.053846 0.034615 0.065385 0.065385 0.061538 0.115385 0.092308 0.061538 0.150000 0.038462 0.046154 0.015385 0.050000 0.019231 0.023077 
3.896749 0.055738 0.049180 0.062295 0.078689 0.062295 0.059016 0.036066 0.118033 0.072131 0.072131 0.065574 0.065574 0.059016 0.022951 0.091803 0.016393 0.013115 
3.312237 0.022059 0.051471 0.022059 0.036765 0.080882 0.036765 0.125000 0.095588 0.080882 0.110294 0.066176 0.066176 0.058824 0.022059 0.066176 0.029412 0.029412 
2.815401 0.027397 0.061644 0.068493 0.047945 0.061644 0.157534 0.041096 0.034247 0.089041 0.020548 0.034247 0.020548 0.116438 0.034247 0.102740 0.027397 0.054795 
2.393091 0.049180 0.029508 0.114754 0.131148 0.036066 0.068852 0.065574 0.072131 0.088525 0.039344 0.062295 0.029508 0.052459 0.052459 0.052459 0.026230 0.029508 
2.034127 0.017857 0.035714 0.035714 0.026786 0.071429 0.071429 0.026786 0.080357 0.098214 0.044643 0.071429 0.035714 0.187500 0.071429 0.053571 0.044643 0.026786 
1.729008 0.006211 0.049689 0.031056 0.149068 0.068323 0.105590 0.086957 0.037267 0.074534 0.093168 0.086957 0.018634 0.037267 0.043478 0.024845 0.037267 0.049689 
1.507375 0.059016 0.075410 0.072131 0.088525 0.108197 0.049180 0.101639 0.075410 0.029508 0.052459 0.062295 0.072131 0.016393 0.039344 0.026230 0.032787 0.039344 
1.474827 0.055738 0.032787 0.036066 0.065574 0.072131 0.039344 0.062295 0.091803 0.147541 0.091803 0.049180 0.045902 0.032787 0.075410 0.036066 0.029508 0.036066 
1.443509 0.059322 0.072034 0.105932 0.080508 0.093220 0.059322 0.072034 0.072034 0.093220 0.114407 0.042373 0.029661 0.033898 0.021186 0.025424 0.012712 0.012712 
1.421857 0.061404 0.043860 0.114035 0.070175 0.078947 0.131579 0.043860 0.052632 0.087719 0.035088 0.061404 0.043860 0.061404 0.035088 0.043860 0.017544 0.017544 
1.228518 0.068852 0.042623 0.059016 0.059016 0.131148 0.088525 0.085246 0.049180 0.078689 0.039344 0.026230 0.052459 0.055738 0.022951 0.088525 0.039344 0.013115 
1.210090 0.031008 0.054264 0.108527 0.108527 0.085271 0.062016 0.069767 0.069767 0.069767 0.124031 0.015504 0.054264 0.023256 0.046512 0.023256 0.023256 0.031008 
1.147049 0.055738 0.072131 0.045902 0.049180 0.104918 0.029508 0.101639 0.045902 0.049180 0.016393 0.150820 0.016393 0.029508 0.032787 0.160656 0.029508 0.009836 
1.129843 0.043478 0.017391 0.026087 0.060870 0.104348 0.078261 0.043478 0.043478 0.043478 0.147826 0.113043 0.095652 0.000000 0.086957 0.060870 0.034783 0.000000 
1.101071 0.048951 0.020979 0.062937 0.069930 0.097902 0.069930 0.111888 0.062937 0.181818 0.069930 0.020979 0.027972 0.020979 0.041958 0.027972 0.034965 0.027972 
1.084555 0.035714 0.026786 0.044643 0.017857 0.035714 0.017857 0.053571 0.098214 0.160714 0.062500 0.062500 0.071429 0.178571 0.035714 0.026786 0.035714 0.035714 
1.066064 0.029508 0.045902 0.026230 0.098361 0.036066 0.065574 0.091803 0.095082 0.026230 0.098361 0.065574 0.085246 0.108197 0.036066 0.039344 0.022951 0.029508 
1.050073 0.083333 0.083333 0.046296 0.092593 0.046296 0.120370 0.083333 0.083333 0.027778 0.046296 0.055556 0.064815 0.018519 0.037037 0.055556 0.027778 0.027778 
0.980115 0.039344 0.065574 0.111475 0.029508 0.072131 0.045902 0.029508 0.088525 0.032787 0.029508 0.131148 0.039344 0.036066 0.042623 0.134426 0.039344 0.032787 
0.965413 0.017699 0.035398 0.070796 0.079646 0.017699 0.061947 0.106195 0.115044 0.035398 0.132743 0.088496 0.070796 0.044248 0.026549 0.026549 0.017699 0.053097 
0.950932 0.046296 0.231481 0.129630 0.092593 0.055556 0.037037 0.101852 0.046296 0.018519 0.055556 0.018519 0.027778 0.064815 0.018519 0.037037 0.018519 0.000000 
0.931217 0.029508 0.075410 0.062295 0.111475 0.101639 0.065574 0.049180 0.068852 0.026230 0.078689 0.009836 0.019672 0.183607 0.029508 0.032787 0.036066 0.019672 
0.895216 0.148760 0.049587 0.041322 0.074380 0.074380 0.049587 0.090909 0.008264 0.041322 0.107438 0.024793 0.115702 0.033058 0.024793 0.024793 0.049587 0.041322 
0.870534 0.065574 0.085246 0.022951 0.042623 0.055738 0.032787 0.049180 0.200000 0.068852 0.114754 0.029508 0.072131 0.039344 0.022951 0.045902 0.019672 0.032787 
0.857476 0.026786 0.089286 0.053571 0.035714 0.071429 0.107143 0.062500 0.089286 0.053571 0.071429 0.089286 0.035714 0.026786 0.062500 0.053571 0.008929 0.062500 
0.784825 0.049180 0.078689 0.104918 0.134426 0.075410 0.052459 0.118033 0.078689 0.032787 0.042623 0.029508 0.026230 0.039344 0.032787 0.026230 0.039344 0.039344 
0.773052 0.052174 0.095652 0.052174 0.121739 0.008696 0.069565 0.069565 0.043478 0.060870 0.060870 0.121739 0.078261 0.060870 0.008696 0.034783 0.034783 0.026087 
0.698654 0.051402 0.042056 0.051402 0.028037 0.079439 0.093458 0.037383 0.116822 0.088785 0.070093 0.037383 0.051402 0.140187 0.023364 0.018692 0.032710 0.037383 
0.688175 0.044643 0.160714 0.080357 0.098214 0.080357 0.053571 0.125000 0.035714 0.026786 0.044643 0.053571 0.017857 0.035714 0.035714 0.035714 0.053571 0.017857 
0.668176 0.078689 0.108197 0.081967 0.016393 0.078689 0.075410 0.068852 0.078689 0.075410 0.032787 0.032787 0.029508 0.039344 0.026230 0.118033 0.039344 0.019672 
0.658153 0.051282 0.059829 0.076923 0.017094 0.076923 0.145299 0.102564 0.042735 0.094017 0.102564 0.000000 0.042735 0.025641 0.042735 0.008547 0.051282 0.059829 
0.648281 0.080357 0.142857 0.062500 0.107143 0.044643 0.053571 0.044643 0.035714 0.142857 0.035714 0.044643 0.062500 0.026786 0.008929 0.035714 0.026786 0.044643 
0.602278 0.052459 0.091803 0.062295 0.078689 0.095082 0.059016 0.052459 0.022951 0.078689 0.032787 0.239344 0.006557 0.026230 0.029508 0.026230 0.016393 0.029508 
0.593243 0.054264 0.069767 0.162791 0.108527 0.069767 0.131783 0.062016 0.031008 0.023256 0.046512 0.093023 0.023256 0.038760 0.015504 0.046512 0.023256 0.000000 
0.584345 0.108197 0.026230 0.114754 0.104918 0.045902 0.088525 0.170492 0.039344 0.029508 0.022951 0.068852 0.022951 0.026230 0.029508 0.042623 0.013115 0.045902 
0.565205 0.062295 0.039344 0.088525 0.078689 0.032787 0.062295 0.104918 0.065574 0.108197 0.036066 0.052459 0.013115 0.101639 0.032787 0.049180 0.045902 0.026230 
0.556727 0.062500 0.071429 0.044643 0.107143 0.017857 0.098214 0.133929 0.035714 0.053571 0.142857 0.053571 0.026786 0.035714 0.026786 0.026786 0.026786 0.035714 
0.548376 0.082645 0.033058 0.033058 0.140496 0.074380 0.123967 0.033058 0.123967 0.041322 0.123967 0.016529 0.016529 0.033058 0.016529 0.049587 0.041322 0.016529 
0.521939 0.076923 0.030769 0.130769 0.100000 0.084615 0.030769 0.038462 0.069231 0.046154 0.023077 0.169231 0.030769 0.030769 0.015385 0.030769 0.015385 0.076923 
0.514110 0.091286 0.062241 0.041494 0.070539 0.099585 0.037344 0.041494 0.037344 0.178423 0.012448 0.099585 0.016598 0.099585 0.020747 0.037344 0.029046 0.024896 
0.498783 0.104918 0.111475 0.088525 0.104918 0.078689 0.019672 0.016393 0.042623 0.055738 0.013115 0.078689 0.036066 0.114754 0.049180 0.013115 0.045902 0.026230 
0.491301 0.022556 0.090226 0.060150 0.097744 0.097744 0.052632 0.105263 0.067669 0.142857 0.052632 0.015038 0.045113 0.037594 0.030075 0.022556 0.022556 0.037594 
0.483932 0.073171 0.113821 0.065041 0.105691 0.130081 0.048780 0.089431 0.024390 0.081301 0.032520 0.016260 0.073171 0.048780 0.008130 0.024390 0.048780 0.016260 
0.476673 0.094203 0.094203 0.166667 0.123188 0.079710 0.014493 0.021739 0.101449 0.036232 0.043478 0.036232 0.057971 0.036232 0.036232 0.014493 0.021739 0.021739 
0.469522 0.042623 0.049180 0.065574 0.095082 0.052459 0.403279 0.042623 0.026230 0.026230 0.019672 0.029508 0.026230 0.039344 0.016393 0.022951 0.026230 0.016393 
0.462480 0.084034 0.193277 0.151261 0.117647 0.025210 0.075630 0.033613 0.100840 0.025210 0.016807 0.042017 0.033613 0.000000 0.033613 0.025210 0.025210 0.016807 
0.455542 0.091803 0.059016 0.101639 0.081967 0.144262 0.085246 0.042623 0.032787 0.032787 0.101639 0.016393 0.052459 0.019672 0.045902 0.029508 0.029508 0.032787 
0.448709 0.082569 0.155963 0.119266 0.073394 0.100917 0.073394 0.027523 0.036697 0.018349 0.082569 0.036697 0.018349 0.110092 0.009174 0.018349 0.018349 0.018349 
0.441979 0.085470 0.188034 0.136752 0.076923 0.025641 0.179487 0.025641 0.051282 0.042735 0.034188 0.025641 0.034188 0.008547 0.008547 0.017094 0.025641 0.034188 
0.413786 0.091286 0.107884 0.078838 0.290456 0.049793 0.078838 0.024896 0.016598 0.016598 0.033195 0.078838 0.037344 0.024896 0.016598 0.016598 0.008299 0.029046 
0.407579 0.076271 0.118644 0.050847 0.144068 0.127119 0.101695 0.025424 0.008475 0.025424 0.084746 0.067797 0.016949 0.033898 0.025424 0.025424 0.025424 0.042373 
0.393568 0.036066 0.075410 0.108197 0.075410 0.075410 0.059016 0.249180 0.042623 0.055738 0.016393 0.032787 0.022951 0.032787 0.042623 0.019672 0.045902 0.009836 
0.387665 0.104918 0.104918 0.154098 0.032787 0.016393 0.065574 0.032787 0.039344 0.183607 0.022951 0.009836 0.062295 0.016393 0.036066 0.032787 0.036066 0.049180 
0.381850 0.105263 0.114035 0.192982 0.114035 0.017544 0.078947 0.043860 0.026316 0.052632 0.017544 0.017544 0.052632 0.026316 0.026316 0.035088 0.061404 0.017544 
0.362117 0.091633 0.067729 0.095618 0.055777 0.027888 0.075697 0.007968 0.203187 0.123506 0.023904 0.039841 0.035857 0.023904 0.003984 0.031873 0.047809 0.043825 
0.356685 0.075630 0.155462 0.159664 0.046218 0.016807 0.071429 0.016807 0.084034 0.029412 0.067227 0.033613 0.050420 0.042017 0.037815 0.029412 0.050420 0.033613 
0.351335 0.064220 0.073394 0.064220 0.082569 0.119266 0.055046 0.036697 0.027523 0.146789 0.045872 0.045872 0.018349 0.045872 0.055046 0.018349 0.045872 0.055046 
0.346065 0.077586 0.077586 0.206897 0.051724 0.017241 0.043103 0.103448 0.043103 0.068966 0.017241 0.112069 0.025862 0.025862 0.043103 0.025862 0.025862 0.034483 
0.334996 0.052459 0.068852 0.098361 0.068852 0.039344 0.026230 0.068852 0.160656 0.036066 0.055738 0.036066 0.111475 0.022951 0.049180 0.032787 0.026230 0.045902 
0.329971 0.065574 0.098361 0.088525 0.042623 0.052459 0.062295 0.085246 0.055738 0.059016 0.052459 0.042623 0.026230 0.081967 0.062295 0.039344 0.039344 0.045902 
0.325022 0.101639 0.078689 0.124590 0.091803 0.108197 0.039344 0.101639 0.032787 0.029508 0.068852 0.045902 0.029508 0.045902 0.019672 0.032787 0.016393 0.032787 
0.320146 0.062295 0.085246 0.062295 0.085246 0.072131 0.062295 0.111475 0.065574 0.019672 0.016393 0.062295 0.095082 0.068852 0.026230 0.022951 0.042623 0.039344 
0.315344 0.060870 0.104348 0.078261 0.104348 0.078261 0.026087 0.165217 0.156522 0.026087 0.008696 0.043478 0.034783 0.043478 0.026087 0.017391 0.017391 0.008696 
0.304454 0.068852 0.144262 0.032787 0.114754 0.104918 0.062295 0.098361 0.045902 0.036066 0.032787 0.108197 0.029508 0.026230 0.026230 0.013115 0.016393 0.039344 
0.299887 0.023810 0.063492 0.142857 0.095238 0.087302 0.063492 0.111111 0.103175 0.007937 0.015873 0.015873 0.015873 0.103175 0.023810 0.047619 0.039683 0.039683 
0.295389 0.032787 0.147541 0.068852 0.052459 0.104918 0.026230 0.118033 0.209836 0.026230 0.016393 0.042623 0.022951 0.029508 0.019672 0.026230 0.016393 0.039344 
0.290958 0.036765 0.080882 0.102941 0.073529 0.058824 0.198529 0.058824 0.058824 0.066176 0.058824 0.051471 0.044118 0.029412 0.014706 0.014706 0.022059 0.029412 
0.286594 0.061069 0.106870 0.076336 0.152672 0.061069 0.091603 0.030534 0.030534 0.015267 0.053435 0.015267 0.030534 0.038168 0.053435 0.061069 0.091603 0.030534 
0.282295 0.073770 0.147541 0.098361 0.106557 0.139344 0.098361 0.032787 0.008197 0.049180 0.040984 0.040984 0.040984 0.016393 0.016393 0.032787 0.032787 0.024590 
