17451.950731 0.001168 0.006938 0.018248 0.047037 0.059079 0.061609 0.061805 0.049017 0.065473 0.073093 0.057440 0.071484 0.099374 0.048184 0.280050 0.000000 0.000000 
14834.158122 0.000174 0.000540 0.011282 0.020219 0.033150 0.041684 0.029539 0.054098 0.093169 0.065300 0.096936 0.070176 0.206165 0.078820 0.198745 0.000000 0.000000 
12609.034403 0.000867 0.003387 0.011288 0.026395 0.048039 0.041924 0.022515 0.069166 0.067277 0.169766 0.062024 0.083880 0.071171 0.088180 0.234123 0.000000 0.000000 
10717.679243 0.000529 0.003693 0.008583 0.035980 0.041084 0.027154 0.061414 0.050260 0.075927 0.121531 0.070106 0.140171 0.063161 0.137335 0.163071 0.000000 0.000000 
9110.027357 0.000915 0.003112 0.015059 0.015875 0.009467 0.101026 0.029621 0.084905 0.042037 0.191281 0.060562 0.066550 0.120824 0.133445 0.125322 0.000000 0.000000 
7743.523253 0.000971 0.003157 0.015571 0.016899 0.028238 0.092693 0.022187 0.042553 0.078018 0.093012 0.060499 0.061600 0.262203 0.035770 0.186628 0.000000 0.000000 
6581.994765 0.000496 0.002411 0.022226 0.021389 0.025723 0.017813 0.041091 0.038415 0.078521 0.081005 0.153024 0.132175 0.057599 0.148598 0.179512 0.000000 0.000000 
5594.695550 0.000407 0.006984 0.009994 0.028856 0.016810 0.018410 0.016047 0.062587 0.072033 0.082575 0.078432 0.101953 0.078309 0.124274 0.302330 0.000001 0.000000 
4755.491218 0.000878 0.014649 0.035383 0.017628 0.011986 0.004298 0.080386 0.059608 0.028423 0.065995 0.112270 0.122392 0.113700 0.168574 0.163829 0.000000 0.000002 
4042.167535 0.000816 0.004836 0.014240 0.013641 0.016177 0.022326 0.036942 0.026664 0.072140 0.064764 0.127497 0.120945 0.126308 0.180357 0.172348 0.000000 0.000000 
3435.842405 0.000633 0.005215 0.015582 0.017513 0.012306 0.042614 0.108939 0.060724 0.061034 0.090135 0.089505 0.121785 0.084602 0.144665 0.144748 0.000000 0.000000 
2920.466044 0.000494 0.006111 0.005900 0.023599 0.009749 0.027531 0.054383 0.101322 0.036100 0.145917 0.043300 0.056810 0.097222 0.128942 0.262621 0.000000 0.000000 
2482.396137 0.000758 0.003306 0.009813 0.022417 0.005146 0.022400 0.043916 0.088076 0.083627 0.066648 0.063358 0.085339 0.181798 0.186103 0.137296 0.000000 0.000000 
2110.036717 0.000748 0.004526 0.031986 0.018279 0.029166 0.019468 0.052282 0.096906 0.167558 0.098835 0.089297 0.106095 0.087901 0.080127 0.116798 0.000026 0.000000 
1793.531209 0.001496 0.015473 0.008590 0.003524 0.025689 0.058695 0.032661 0.096595 0.082952 0.075144 0.119801 0.066800 0.100374 0.141585 0.170618 0.000000 0.000000 
1524.501528 0.000546 0.012765 0.013654 0.019351 0.034210 0.031223 0.009651 0.073659 0.066219 0.076355 0.095567 0.131679 0.077672 0.112069 0.245381 0.000000 0.000000 
1295.826299 0.000830 0.011754 0.007414 0.058033 0.034875 0.085333 0.020953 0.060375 0.113057 0.173313 0.008511 0.113010 0.066973 0.171501 0.074068 0.000000 0.000000 
1101.452354 0.000449 0.006688 0.013917 0.010891 0.031219 0.038374 0.015986 0.123982 0.058921 0.154884 0.060249 0.180343 0.199519 0.043109 0.061469 0.000000 0.000000 
936.234501 0.001188 0.002782 0.018694 0.011245 0.031703 0.012722 0.039948 0.083977 0.050104 0.089465 0.090156 0.102692 0.274524 0.044838 0.145965 0.000000 0.000000 
795.799326 0.000465 0.007091 0.011327 0.025629 0.019543 0.000000 0.149563 0.117066 0.062895 0.093070 0.034115 0.159230 0.110078 0.070768 0.139159 0.000000 0.000000 
676.429427 0.000405 0.004655 0.019754 0.042302 0.038294 0.051935 0.086606 0.049841 0.082828 0.042041 0.086985 0.269863 0.098386 0.077276 0.048830 0.000000 0.000000 
574.965013 0.000409 0.004701 0.002075 0.023179 0.030521 0.050635 0.037095 0.043660 0.091898 0.081024 0.045191 0.132931 0.205039 0.140578 0.111064 0.000000 0.000000 
488.720261 0.000670 0.007219 0.019393 0.009554 0.029393 0.048831 0.026898 0.060443 0.061738 0.069697 0.070452 0.190175 0.099329 0.138767 0.167440 0.000000 0.000000 
415.412222 0.000353 0.007043 0.013593 0.016900 0.032732 0.035546 0.066056 0.058361 0.086360 0.125463 0.105990 0.177699 0.108142 0.060914 0.104848 0.000000 0.000000 
353.100389 0.000512 0.003539 0.013317 0.047508 0.039179 0.046527 0.058290 0.092532 0.170214 0.033909 0.070033 0.104270 0.060228 0.143131 0.116810 0.000000 0.000000 
300.135330 0.001785 0.012373 0.020556 0.024023 0.076457 0.063942 0.072765 0.049966 0.036202 0.056342 0.101902 0.093563 0.125802 0.155899 0.108421 0.000000 0.000000 
255.115031 0.000754 0.006080 0.025768 0.032095 0.057095 0.033500 0.079475 0.054965 0.012642 0.107173 0.142743 0.106225 0.047433 0.150122 0.143928 0.000000 0.000000 
216.847776 0.002333 0.012972 0.031577 0.017317 0.043648 0.024697 0.102015 0.061954 0.067645 0.118202 0.061431 0.026771 0.016730 0.262769 0.149937 0.000000 0.000000 
184.320610 0.000345 0.006009 0.024138 0.002156 0.014417 0.012344 0.063229 0.036809 0.081378 0.071346 0.082480 0.053065 0.148832 0.185770 0.217666 0.000018 0.000000 
156.672518 0.001058 0.004725 0.017867 0.010964 0.033752 0.011723 0.067189 0.075285 0.081709 0.057461 0.127926 0.106480 0.188405 0.117703 0.097752 0.000000 0.000000 
133.171640 0.002740 0.010592 0.030573 0.058739 0.031721 0.000000 0.012185 0.091447 0.280760 0.100057 0.035127 0.030149 0.027699 0.089953 0.198258 0.000000 0.000000 
113.195894 0.000981 0.009696 0.054483 0.020024 0.035036 0.011897 0.050589 0.061159 0.127360 0.093316 0.037279 0.038777 0.051732 0.088984 0.318687 0.000000 0.000000 
96.216510 0.000178 0.008487 0.037468 0.039193 0.028421 0.096694 0.081601 0.024514 0.048767 0.084684 0.022289 0.048553 0.122143 0.166707 0.190300 0.000000 0.000000 
81.784034 0.001452 0.005665 0.042562 0.014621 0.052132 0.100050 0.056494 0.084047 0.068188 0.070690 0.056190 0.077567 0.103296 0.188748 0.078297 0.000000 0.000000 
69.516429 0.002177 0.000300 0.056174 0.019434 0.045923 0.095323 0.083716 0.098922 0.184435 0.031745 0.023271 0.083684 0.035795 0.141716 0.097386 0.000000 0.000000 
59.088964 0.000000 0.024212 0.104685 0.100587 0.060697 0.184517 0.017177 0.001805 0.121791 0.091640 0.000000 0.106360 0.000000 0.132979 0.053550 0.000000 0.000000 
50.225620 0.000635 0.062033 0.043852 0.015055 0.076709 0.039126 0.125481 0.000000 0.065475 0.127229 0.000000 0.228099 0.015512 0.130262 0.070363 0.000169 0.000000 
42.691777 0.003726 0.015507 0.042565 0.012912 0.087270 0.028933 0.113007 0.023792 0.037745 0.069820 0.052298 0.212065 0.105141 0.124545 0.070674 0.000000 0.000000 
36.288010 0.002859 0.028584 0.023700 0.014834 0.051690 0.077368 0.079322 0.119872 0.011531 0.041290 0.119592 0.132315 0.060351 0.143804 0.092889 0.000000 0.000000 
30.844809 0.001911 0.036871 0.018044 0.018748 0.079223 0.079143 0.050357 0.166932 0.020346 0.045767 0.198684 0.061643 0.094739 0.059167 0.068424 0.000000 0.000000 
26.218087 0.002140 0.012331 0.035371 0.015315 0.046766 0.134504 0.022537 0.065775 0.144274 0.121442 0.090609 0.069912 0.026423 0.078877 0.133566 0.000000 0.000159 
22.285374 0.000717 0.010119 0.037850 0.051229 0.059258 0.082905 0.039786 0.111374 0.090080 0.094706 0.085659 0.096562 0.061016 0.133002 0.045737 0.000000 0.000000 
18.942568 0.000000 0.007287 0.020727 0.094390 0.008458 0.006233 0.090578 0.241606 0.054061 0.086372 0.052017 0.075517 0.044843 0.075094 0.142816 0.000000 0.000000 
16.101183 0.000800 0.003930 0.016724 0.044251 0.052477 0.023639 0.082946 0.130026 0.078987 0.069436 0.065550 0.133075 0.096309 0.061847 0.140003 0.000000 0.000000 
13.686005 0.002336 0.013305 0.013779 0.041958 0.111089 0.021878 0.054763 0.032515 0.063594 0.108149 0.088197 0.147884 0.187783 0.066544 0.046226 0.000000 0.000000 
11.633105 0.004223 0.018238 0.022778 0.065174 0.102099 0.073258 0.082516 0.065801 0.106460 0.138429 0.050314 0.102836 0.070377 0.040181 0.057111 0.000000 0.000205 
9.888139 0.002146 0.037525 0.023482 0.073987 0.059979 0.074169 0.119880 0.017576 0.078428 0.029450 0.093308 0.059688 0.119245 0.073972 0.136374 0.000792 0.000000 
8.404918 0.003656 0.001689 0.000000 0.029435 0.026951 0.138776 0.107009 0.024991 0.097883 0.035190 0.012714 0.128110 0.200361 0.110129 0.083106 0.000000 0.000000 
7.144180 0.004938 0.009882 0.016139 0.039455 0.039083 0.139308 0.076368 0.041449 0.106986 0.101261 0.122640 0.105316 0.078692 0.064219 0.053908 0.000356 0.000000 
6.072553 0.001006 0.003602 0.017037 0.021481 0.024561 0.042240 0.023126 0.011281 0.079347 0.151020 0.162985 0.146770 0.141221 0.082141 0.092181 0.000000 0.000000 
5.161670 0.001040 0.005165 0.031559 0.025690 0.089284 0.049282 0.084104 0.029799 0.071133 0.104802 0.076291 0.156691 0.133868 0.075781 0.065512 0.000000 0.000000 
4.387420 0.001947 0.021030 0.083347 0.079926 0.100101 0.057844 0.093634 0.053721 0.036090 0.142405 0.039006 0.142289 0.007319 0.058002 0.083339 0.000000 0.000000 
3.729307 0.007120 0.006695 0.032601 0.079286 0.115228 0.050403 0.076193 0.057087 0.037362 0.117241 0.044154 0.197917 0.020871 0.115055 0.042785 0.000000 0.000000 
3.169911 0.006868 0.030423 0.031295 0.100809 0.014813 0.024915 0.060891 0.076570 0.086074 0.141999 0.069441 0.098677 0.023404 0.103505 0.130314 0.000000 0.000000 
2.694424 0.000852 0.009527 0.043165 0.114026 0.017182 0.085074 0.032729 0.009151 0.199941 0.113202 0.039350 0.158126 0.041635 0.026021 0.110020 0.000000 0.000000 
2.290261 0.004314 0.007728 0.040004 0.062582 0.039564 0.105912 0.105599 0.014093 0.147378 0.032192 0.053260 0.073821 0.162039 0.099315 0.052200 0.000000 0.000000 
1.946721 0.001675 0.005806 0.033048 0.061767 0.055653 0.069740 0.104153 0.022861 0.045396 0.010288 0.171396 0.089876 0.065887 0.154791 0.085802 0.000000 0.021859 
1.656374 0.004679 0.033488 0.052808 0.041366 0.084774 0.140946 0.087182 0.055730 0.032895 0.039762 0.155804 0.025691 0.090937 0.131640 0.012366 0.000003 0.009929 
1.407918 0.001933 0.065505 0.082206 0.036228 0.149640 0.197815 0.040061 0.042760 0.056981 0.028501 0.057696 0.054893 0.045123 0.103490 0.037111 0.000006 0.000051 
1.361151 0.005931 0.044729 0.042252 0.040650 0.059976 0.294211 0.044540 0.000000 0.100685 0.000602 0.270693 0.061623 0.000000 0.000000 0.034058 0.000003 0.000047 
1.340734 0.002896 0.065356 0.045840 0.042221 0.159331 0.156864 0.275128 0.000000 0.000000 0.000000 0.249469 0.000000 0.000000 0.000620 0.002191 0.000048 0.000034 
1.139624 0.015543 0.096149 0.027428 0.034398 0.214719 0.380517 0.130097 0.000000 0.077254 0.009784 0.014077 0.000000 0.000000 0.000000 0.000000 0.000003 0.000033 
0.996157 0.011041 0.043577 0.208131 0.063697 0.118851 0.098578 0.078270 0.039792 0.261988 0.009597 0.000000 0.000000 0.066381 0.000000 0.000000 0.000070 0.000028 
0.981214 0.023761 0.050127 0.050940 0.158012 0.086889 0.099730 0.188209 0.239242 0.092760 0.000000 0.008132 0.002079 0.000120 0.000000 0.000000 0.000000 0.000002 
0.957313 0.005328 0.094148 0.000000 0.135265 0.016502 0.072309 0.311493 0.049270 0.010197 0.000000 0.080375 0.000000 0.051620 0.091767 0.081722 0.000001 0.000000 
0.923266 0.003134 0.074709 0.031826 0.036424 0.096655 0.118327 0.245655 0.023291 0.025747 0.044967 0.052814 0.000262 0.102036 0.094850 0.049114 0.000138 0.000051 
0.909417 0.002099 0.034541 0.032198 0.045560 0.189474 0.177678 0.142655 0.127058 0.074965 0.074511 0.060665 0.000000 0.036846 0.001468 0.000000 0.000071 0.000211 
0.773005 0.015258 0.088156 0.057694 0.084884 0.084779 0.167385 0.161226 0.082131 0.049072 0.048390 0.009308 0.008941 0.076580 0.019623 0.045782 0.000057 0.000733 
0.761410 0.008504 0.011406 0.054614 0.153086 0.068867 0.000000 0.166103 0.112284 0.028513 0.037246 0.109215 0.108951 0.122578 0.008710 0.000000 0.008123 0.001799 
0.740278 0.002706 0.067384 0.175540 0.250334 0.141347 0.018449 0.083347 0.020116 0.033035 0.005792 0.042649 0.059922 0.094781 0.000000 0.002128 0.001537 0.000932 
0.729173 0.013691 0.058975 0.142916 0.036159 0.094745 0.023472 0.000000 0.042480 0.167373 0.004375 0.000000 0.327473 0.088029 0.000000 0.000000 0.000071 0.000243 
0.714150 0.023064 0.198807 0.097397 0.044329 0.057215 0.311664 0.000000 0.004602 0.085123 0.000000 0.021352 0.052594 0.101491 0.000000 0.000000 0.000210 0.002152 
0.702738 0.032781 0.185967 0.086934 0.070249 0.191192 0.066448 0.002566 0.026406 0.097588 0.000000 0.024521 0.000397 0.108107 0.084643 0.020957 0.001068 0.000178 
0.692197 0.055819 0.103667 0.234270 0.139547 0.085460 0.000000 0.000000 0.044020 0.019304 0.154423 0.000000 0.000000 0.015925 0.145753 0.000000 0.001599 0.000214 
0.656152 0.004632 0.110055 0.156853 0.122861 0.130824 0.064785 0.049448 0.027347 0.014562 0.189808 0.001500 0.020701 0.000000 0.053791 0.051446 0.001143 0.000243 
0.646310 0.015856 0.126651 0.072658 0.120982 0.045323 0.036421 0.365726 0.000000 0.063345 0.002197 0.103809 0.032724 0.000000 0.000000 0.013679 0.000273 0.000356 
0.636615 0.037605 0.056998 0.063740 0.010062 0.122180 0.033711 0.050337 0.116158 0.000000 0.002728 0.082468 0.422706 0.000000 0.000000 0.000000 0.000048 0.001259 
0.627066 0.070499 0.000650 0.013548 0.060734 0.263658 0.036218 0.000000 0.016043 0.006167 0.144050 0.168765 0.159180 0.000000 0.055034 0.000000 0.000796 0.004657 
0.595940 0.093293 0.025722 0.129011 0.124680 0.051590 0.087122 0.076180 0.002945 0.033053 0.054137 0.022233 0.208337 0.018468 0.072921 0.000000 0.000157 0.000149 
0.566006 0.050634 0.196236 0.259559 0.165083 0.046956 0.014718 0.088528 0.000000 0.000000 0.062955 0.000000 0.087260 0.000000 0.027647 0.000000 0.000290 0.000134 
0.543944 0.022089 0.128051 0.207032 0.193562 0.087493 0.006829 0.135456 0.068821 0.000000 0.029349 0.010835 0.025567 0.000000 0.032389 0.051490 0.000864 0.000172 
0.535785 0.018458 0.106860 0.078424 0.459368 0.000000 0.077085 0.170777 0.044650 0.000000 0.033720 0.000000 0.009380 0.000000 0.000000 0.000000 0.000000 0.001278 
0.527748 0.063282 0.062067 0.087085 0.324877 0.000000 0.166932 0.051513 0.000000 0.000000 0.000000 0.000000 0.083675 0.000503 0.000000 0.157961 0.000401 0.001704 
0.519832 0.113571 0.154356 0.170735 0.092482 0.129966 0.008119 0.083473 0.000000 0.000000 0.000000 0.221017 0.026281 0.000000 0.000000 0.000000 0.000000 0.000000 
0.512035 0.008999 0.053227 0.065411 0.000000 0.128881 0.042249 0.000975 0.001529 0.000000 0.000000 0.128212 0.048552 0.000000 0.104568 0.416950 0.000128 0.000318 
0.504354 0.004095 0.120648 0.088677 0.003114 0.102859 0.081409 0.000000 0.112682 0.000000 0.150436 0.000404 0.007086 0.103413 0.058134 0.162133 0.001659 0.003250 
0.476416 0.014472 0.204040 0.092733 0.071622 0.061083 0.024041 0.020125 0.103096 0.047045 0.113698 0.069186 0.054095 0.058374 0.054707 0.010651 0.000291 0.000741 
0.469270 0.001005 0.045513 0.007367 0.250630 0.217491 0.033632 0.067724 0.000000 0.105258 0.000000 0.039656 0.203607 0.000000 0.027962 0.000000 0.000135 0.000020 
0.450338 0.047036 0.077475 0.057482 0.238540 0.171111 0.058116 0.180245 0.027249 0.042223 0.010020 0.005889 0.084174 0.000000 0.000000 0.000000 0.000281 0.000159 
0.443583 0.005250 0.021057 0.172134 0.165851 0.295844 0.000000 0.110562 0.110230 0.000000 0.068252 0.000000 0.000000 0.047915 0.000000 0.000000 0.000462 0.002443 
0.436930 0.018667 0.112333 0.001298 0.124551 0.341950 0.051954 0.210663 0.115739 0.006404 0.012316 0.000000 0.000000 0.000000 0.000000 0.000000 0.004111 0.000016 
0.430376 0.054728 0.347454 0.259571 0.034966 0.078985 0.161711 0.058806 0.000000 0.000000 0.000000 0.000000 0.000000 0.000000 0.000000 0.000000 0.003721 0.000057 
0.423920 0.040151 0.113164 0.263816 0.071200 0.045418 0.015382 0.060317 0.026900 0.003481 0.223577 0.031456 0.103212 0.000000 0.000000 0.000000 0.001281 0.000645 
0.417561 0.008877 0.067403 0.000000 0.049318 0.046545 0.095207 0.002077 0.000000 0.153428 0.186901 0.092732 0.000000 0.294981 0.000000 0.001207 0.001029 0.000297 
0.411298 0.006963 0.051451 0.052718 0.113747 0.041905 0.057663 0.064326 0.048839 0.276776 0.042288 0.108386 0.013965 0.091828 0.018238 0.006582 0.002551 0.001774 
0.405128 0.047198 0.106160 0.181567 0.029788 0.094453 0.085205 0.113555 0.046276 0.080717 0.055145 0.033628 0.050912 0.029905 0.042685 0.000000 0.000662 0.002143 
0.399051 0.025698 0.153334 0.089718 0.111452 0.351687 0.000000 0.086428 0.000000 0.016888 0.164167 0.000000 0.000000 0.000000 0.000000 0.000000 0.000039 0.000589 
0.393066 0.020187 0.246266 0.154094 0.100187 0.135183 0.013071 0.134854 0.078016 0.000000 0.000000 0.000000 0.084444 0.030730 0.000000 0.000000 0.002864 0.000106 
0.387170 0.073275 0.201804 0.049306 0.095584 0.151371 0.011471 0.124344 0.009482 0.000000 0.000000 0.001573 0.077128 0.136805 0.000000 0.065661 0.001950 0.000246 
0.381362 0.232816 0.245307 0.000000 0.176223 0.093071 0.000000 0.038067 0.123828 0.000000 0.000000 0.000000 0.058392 0.009230 0.000000 0.010378 0.003225 0.009463 
0.375642 0.014241 0.248313 0.164178 0.182460 0.304536 0.000000 0.041388 0.004241 0.032178 0.000000 0.002227 0.000000 0.000000 0.000000 0.000000 0.002603 0.003636 
0.370007 0.035319 0.135483 0.205600 0.146628 0.311916 0.000000 0.015475 0.000000 0.002529 0.004021 0.089894 0.049594 0.000000 0.000000 0.000000 0.001041 0.002501 
0.364457 0.180695 0.104988 0.444960 0.110784 0.000000 0.000000 0.045768 0.000000 0.109946 0.000000 0.000000 0.000000 0.000000 0.000000 0.000000 0.000355 0.002504 
0.356676 0.068770 0.149774 0.350600 0.154714 0.026494 0.022157 0.106292 0.007414 0.055428 0.000000 0.029386 0.000000 0.026355 0.000000 0.000000 0.001686 0.000928 
0.351326 0.069660 0.074519 0.191453 0.286707 0.031578 0.017967 0.063264 0.141891 0.000000 0.000000 0.000000 0.000000 0.121718 0.000000 0.000000 0.001243 0.000000 
0.345001 0.132982 0.230549 0.240505 0.157679 0.000000 0.010343 0.000000 0.168955 0.000000 0.000000 0.043359 0.014015 0.000000 0.000000 0.000000 0.000414 0.001200 
0.339826 0.089644 0.298667 0.222636 0.021810 0.033094 0.067547 0.020333 0.052403 0.007061 0.000000 0.000000 0.186154 0.000000 0.000000 0.000000 0.000527 0.000124 
0.334729 0.082667 0.172063 0.153590 0.000000 0.221983 0.134874 0.000000 0.110265 0.000000 0.000000 0.000000 0.112221 0.000000 0.000000 0.000000 0.000850 0.011487 
0.329708 0.236744 0.075482 0.188791 0.098595 0.398147 0.000000 0.000000 0.000000 0.000000 0.000000 0.000000 0.000000 0.000000 0.000000 0.000000 0.000000 0.002241 
0.324762 0.276082 0.101552 0.252199 0.265031 0.102445 0.000000 0.000000 0.000000 0.000000 0.000000 0.000000 0.000000 0.000000 0.000000 0.000000 0.000133 0.002558 
0.319891 0.174592 0.319318 0.251279 0.049119 0.120828 0.004856 0.038442 0.000000 0.000000 0.000000 0.000000 0.000000 0.000000 0.000000 0.000000 0.000056 0.041510 
0.315092 0.015040 0.309321 0.000405 0.028308 0.478403 0.000000 0.026541 0.002215 0.000000 0.009672 0.046722 0.000000 0.008337 0.000000 0.068444 0.000285 0.006307 
0.310366 0.024785 0.498171 0.010751 0.098274 0.113256 0.204882 0.000000 0.000000 0.000000 0.044371 0.000000 0.000000 0.000000 0.000000 0.000000 0.002762 0.002748 
0.305710 0.025264 0.240095 0.061705 0.132282 0.014046 0.171811 0.049745 0.000000 0.252586 0.019505 0.000000 0.031988 0.000000 0.000000 0.000000 0.000276 0.000695 
0.301125 0.034537 0.326909 0.084257 0.096501 0.000000 0.020576 0.267857 0.000000 0.016031 0.003757 0.000000 0.000000 0.000000 0.000000 0.144756 0.000677 0.004143 
0.296608 0.019201 0.340303 0.009250 0.133999 0.000000 0.056461 0.045822 0.013996 0.000000 0.000000 0.052811 0.000000 0.000000 0.105263 0.222304 0.000336 0.000255 
0.286532 0.034684 0.179027 0.171525 0.136518 0.218701 0.093406 0.138204 0.000000 0.000000 0.000000 0.000000 0.000000 0.000000 0.000000 0.025353 0.000316 0.002267 
0.282234 0.026599 0.094594 0.157292 0.171606 0.380506 0.020591 0.046074 0.000000 0.000000 0.000000 0.094155 0.000000 0.000000 0.000000 0.000000 0.008283 0.000301 
0.272390 0.056828 0.080176 0.091448 0.439762 0.115111 0.000000 0.058969 0.113234 0.000000 0.000067 0.037373 0.000000 0.000000 0.000000 0.000000 0.001369 0.005662 
0.268304 0.055599 0.079227 0.206386 0.151426 0.099635 0.155237 0.000000 0.250928 0.000000 0.000000 0.000000 0.000000 0.000000 0.000000 0.000000 0.000035 0.001527 
0.264279 0.046853 0.226765 0.119500 0.099610 0.220896 0.082239 0.027227 0.105440 0.001099 0.000000 0.000000 0.000000 0.000000 0.000000 0.066017 0.003226 0.001128 
0.255818 0.111845 0.273636 0.170651 0.111650 0.035887 0.068473 0.056520 0.102834 0.000000 0.011950 0.054303 0.000000 0.000000 0.000000 0.000000 0.001647 0.000606 
0.251980 0.047597 0.322075 0.226193 0.115775 0.005878 0.190503 0.030971 0.000000 0.000000 0.000000 0.000000 0.000000 0.000000 0.000000 0.055233 0.000736 0.005040 
18235.526100 0.003657 0.021718 0.001529 0.030444 0.038756 0.055475 0.026995 0.059203 0.155823 0.077211 0.070195 0.078376 0.069700 0.154866 0.156055 0.000000 0.000000 
15500.197185 0.001075 0.007195 0.011849 0.022410 0.017064 0.024401 0.008073 0.039533 0.032977 0.101695 0.144313 0.077789 0.105700 0.249678 0.156247 0.000000 0.000000 
13175.167607 0.000770 0.005803 0.017953 0.027075 0.041754 0.027010 0.071994 0.042584 0.047422 0.112529 0.096420 0.091759 0.089335 0.161224 0.166366 0.000000 0.000002 
11198.892466 0.000000 0.006314 0.040714 0.056918 0.080820 0.014688 0.032743 0.025267 0.078733 0.052806 0.166975 0.015083 0.172018 0.152954 0.103969 0.000000 0.000000 
9519.058596 0.000437 0.001577 0.009502 0.011472 0.030203 0.037805 0.034899 0.022811 0.063293 0.070133 0.131972 0.031855 0.128547 0.147955 0.277537 0.000000 0.000001 
8091.199807 0.001515 0.003444 0.009535 0.010615 0.020883 0.031268 0.055930 0.048115 0.052135 0.076480 0.042331 0.137189 0.165511 0.154370 0.190679 0.000000 0.000000 
6877.519836 0.000000 0.004954 0.024325 0.035146 0.009460 0.045022 0.018951 0.022086 0.003864 0.064404 0.048557 0.196198 0.175009 0.226686 0.125339 0.000000 0.000000 
5845.891860 0.001072 0.003065 0.021408 0.014337 0.013083 0.032043 0.028677 0.077423 0.020321 0.107543 0.134886 0.187330 0.074698 0.171960 0.112153 0.000000 0.000000 
4969.008081 0.000446 0.007896 0.020826 0.013844 0.039924 0.020926 0.033907 0.044629 0.074357 0.161937 0.074043 0.105668 0.122963 0.174797 0.103837 0.000000 0.000000 
4223.656869 0.002283 0.009872 0.015803 0.010731 0.031395 0.041686 0.019451 0.081812 0.072127 0.055671 0.035070 0.092145 0.127460 0.173601 0.230893 0.000000 0.000000 
3590.108339 0.001183 0.000597 0.026806 0.014045 0.042276 0.027897 0.058790 0.061220 0.077562 0.100224 0.112663 0.128511 0.121155 0.106519 0.120551 0.000000 0.000000 
3051.592088 0.000290 0.003076 0.004933 0.005230 0.010355 0.000000 0.070078 0.000000 0.012254 0.257348 0.088813 0.228578 0.187932 0.131115 0.000000 0.000000 0.000000 
2593.853275 0.000668 0.007164 0.012578 0.028459 0.030127 0.019635 0.073018 0.022309 0.108691 0.126461 0.069706 0.169880 0.172187 0.125099 0.034020 0.000000 0.000000 
2204.775284 0.001156 0.016143 0.013117 0.023051 0.033536 0.058550 0.063408 0.050704 0.090018 0.080275 0.107964 0.055050 0.074900 0.174577 0.157551 0.000000 0.000000 
1874.058991 0.000732 0.003273 0.012418 0.023177 0.014716 0.043449 0.042996 0.031632 0.063203 0.074523 0.166694 0.133321 0.039556 0.192589 0.157722 0.000000 0.000000 
1592.950142 0.003570 0.003581 0.021233 0.032643 0.005031 0.041114 0.041924 0.058972 0.062515 0.008106 0.126141 0.164503 0.058780 0.101190 0.270698 0.000000 0.000000 
1354.007621 0.001808 0.012755 0.014307 0.000000 0.038550 0.089499 0.046709 0.086932 0.037679 0.038446 0.038335 0.168964 0.123793 0.137138 0.165084 0.000000 0.000000 
1150.906478 0.000118 0.006565 0.008392 0.000000 0.023601 0.024596 0.018873 0.064197 0.060459 0.087284 0.106062 0.100681 0.234365 0.036456 0.228352 0.000000 0.000000 
978.270506 0.000045 0.004311 0.001548 0.012860 0.027842 0.020934 0.027587 0.042081 0.137150 0.072349 0.089559 0.136225 0.141332 0.068900 0.217274 0.000000 0.000003 
831.529930 0.002332 0.007109 0.014925 0.033180 0.038637 0.059242 0.023684 0.019717 0.078232 0.059098 0.097345 0.135083 0.105769 0.126323 0.199325 0.000000 0.000000 
706.800441 0.000658 0.015822 0.009347 0.024336 0.021343 0.016228 0.063304 0.022625 0.084678 0.112740 0.085177 0.190476 0.059148 0.142607 0.151512 0.000000 0.000000 
600.780375 0.000897 0.009231 0.018381 0.023249 0.044300 0.035657 0.050248 0.076108 0.017745 0.127333 0.049506 0.150037 0.049044 0.241862 0.106401 0.000000 0.000000 
510.663318 0.002331 0.009861 0.012218 0.039858 0.037276 0.033468 0.024703 0.035355 0.053214 0.105583 0.128487 0.108754 0.114863 0.193615 0.100415 0.000000 0.000000 
434.063821 0.000306 0.000200 0.019169 0.014824 0.024837 0.032584 0.013788 0.096728 0.091593 0.017569 0.032198 0.248641 0.216136 0.136886 0.054541 0.000000 0.000000 
368.954248 0.002179 0.014152 0.022574 0.018205 0.042702 0.087621 0.078748 0.137622 0.116522 0.060744 0.010506 0.007303 0.107167 0.229770 0.064183 0.000000 0.000000 
313.611110 0.001119 0.011885 0.011480 0.006777 0.060203 0.043075 0.030122 0.107138 0.008201 0.137520 0.047197 0.057796 0.140385 0.134079 0.203023 0.000000 0.000000 
266.569444 0.001655 0.001612 0.015194 0.029977 0.030210 0.023333 0.026820 0.118899 0.037710 0.033570 0.130069 0.178911 0.081088 0.114117 0.176835 0.000000 0.000000 
226.584027 0.000657 0.008644 0.036257 0.021647 0.046294 0.002045 0.081889 0.151343 0.068335 0.063241 0.096699 0.088907 0.024654 0.198472 0.110915 0.000000 0.000000 
192.596423 0.001053 0.011434 0.034555 0.021642 0.033583 0.034071 0.034459 0.083739 0.152255 0.093588 0.074962 0.085822 0.023219 0.132187 0.183432 0.000000 0.000000 
163.706960 0.001120 0.008959 0.027703 0.025804 0.033572 0.102158 0.022854 0.080348 0.112898 0.122730 0.059226 0.060101 0.053472 0.108294 0.180760 0.000000 0.000000 
139.150916 0.002430 0.011334 0.014993 0.029731 0.043381 0.096213 0.028211 0.150678 0.059330 0.147480 0.089911 0.070358 0.055065 0.079211 0.121676 0.000000 0.000000 
118.278278 0.002156 0.008950 0.040031 0.028105 0.020855 0.060051 0.040921 0.124777 0.043400 0.118479 0.106868 0.054252 0.191846 0.059649 0.099659 0.000000 0.000000 
100.536537 0.001009 0.004829 0.027473 0.034409 0.068298 0.061008 0.059792 0.080166 0.043225 0.101119 0.048086 0.122420 0.124042 0.104024 0.120097 0.000000 0.000003 
85.456056 0.000941 0.014857 0.012151 0.019396 0.014757 0.027280 0.046008 0.051986 0.072421 0.109742 0.028409 0.130862 0.099374 0.161560 0.210257 0.000000 0.000000 
72.637648 0.000053 0.002555 0.011832 0.028248 0.037764 0.032081 0.092986 0.084044 0.026518 0.072621 0.028899 0.134338 0.078172 0.201702 0.168106 0.000000 0.000082 
61.742001 0.001832 0.010119 0.001223 0.019151 0.049185 0.064365 0.034018 0.109680 0.090581 0.069479 0.113228 0.147896 0.119984 0.128757 0.040472 0.000000 0.000030 
52.480700 0.001065 0.011865 0.019651 0.015369 0.028458 0.024010 0.055265 0.055624 0.073633 0.113594 0.048973 0.106132 0.185667 0.109631 0.151045 0.000000 0.000017 
44.608595 0.000555 0.007479 0.006021 0.041631 0.031165 0.039994 0.049495 0.056212 0.121965 0.123934 0.068573 0.107494 0.111827 0.078866 0.154789 0.000000 0.000000 
37.917306 0.002447 0.011831 0.014060 0.004203 0.104093 0.067979 0.084536 0.100933 0.094217 0.010997 0.114768 0.089390 0.076198 0.101701 0.122645 0.000000 0.000000 
32.229710 0.000652 0.002391 0.023309 0.012361 0.041188 0.042303 0.055844 0.122287 0.017261 0.000000 0.031738 0.092750 0.183184 0.170897 0.203835 0.000000 0.000000 
27.395254 0.000721 0.000406 0.022785 0.007246 0.010867 0.017855 0.127871 0.075409 0.029122 0.065609 0.153150 0.056966 0.084283 0.185386 0.162324 0.000000 0.000000 
23.285966 0.003853 0.021306 0.012980 0.048887 0.026512 0.054824 0.079547 0.148136 0.102183 0.164517 0.078869 0.050877 0.042321 0.122510 0.042478 0.000063 0.000136 
19.793071 0.000000 0.015161 0.014234 0.055875 0.038896 0.061184 0.050018 0.026577 0.063066 0.143515 0.074989 0.071885 0.109919 0.191903 0.082778 0.000000 0.000000 
16.824110 0.000402 0.011528 0.042804 0.032476 0.025500 0.041297 0.096535 0.067396 0.076307 0.122001 0.181943 0.043260 0.124850 0.076640 0.057061 0.000000 0.000000 
14.300494 0.000433 0.021796 0.005503 0.031970 0.065255 0.033128 0.014513 0.165030 0.059288 0.058885 0.110172 0.102510 0.165219 0.066126 0.100173 0.000000 0.000000 
12.155420 0.004148 0.047317 0.022216 0.043938 0.129423 0.028298 0.017268 0.077354 0.059406 0.063806 0.069338 0.130907 0.128874 0.115075 0.062631 0.000000 0.000000 
10.332107 0.003761 0.011227 0.037403 0.050790 0.049190 0.057970 0.018354 0.040980 0.117897 0.110235 0.036627 0.145863 0.162943 0.086109 0.070395 0.000256 0.000000 
8.782291 0.000412 0.017675 0.043504 0.030275 0.003922 0.070006 0.011317 0.025657 0.094476 0.113128 0.135043 0.075227 0.088030 0.138896 0.152433 0.000000 0.000000 
7.464947 0.005358 0.023815 0.014093 0.083483 0.017253 0.064648 0.078455 0.154134 0.057647 0.112290 0.078315 0.093517 0.044046 0.025598 0.147350 0.000000 0.000000 
6.345205 0.003719 0.036112 0.037999 0.052004 0.074209 0.127613 0.012934 0.119040 0.074367 0.107502 0.037467 0.046240 0.093812 0.081584 0.095396 0.000000 0.000000 
5.393424 0.001984 0.017790 0.027066 0.030450 0.097369 0.088518 0.040057 0.221342 0.073416 0.078220 0.142268 0.083293 0.056751 0.000211 0.041264 0.000000 0.000000 
4.584411 0.003291 0.023154 0.029728 0.036348 0.086052 0.097260 0.045979 0.250014 0.159053 0.034058 0.085274 0.051912 0.015181 0.007161 0.075536 0.000000 0.000000 
3.896749 0.008053 0.019167 0.056817 0.045409 0.088087 0.033513 0.070506 0.149293 0.080120 0.091678 0.091500 0.075915 0.095593 0.000000 0.093667 0.000681 0.000000 
3.312237 0.003494 0.041336 0.024240 0.028468 0.065304 0.082066 0.047989 0.063277 0.135432 0.070091 0.023273 0.007329 0.218442 0.011724 0.177534 0.000000 0.000000 
2.815401 0.008092 0.020839 0.167941 0.136646 0.041983 0.186490 0.048422 0.049364 0.129971 0.011645 0.034742 0.000000 0.072192 0.000000 0.085334 0.000000 0.006339 
2.393091 0.014478 0.018392 0.128735 0.137996 0.041029 0.116249 0.023881 0.082741 0.086250 0.048329 0.104510 0.009227 0.121912 0.036153 0.030119 0.000000 0.000000 
2.034127 0.000533 0.011199 0.021747 0.069603 0.097261 0.207033 0.034818 0.111704 0.128959 0.068396 0.144722 0.000000 0.073543 0.030484 0.000000 0.000000 0.000000 
1.729008 0.007599 0.067843 0.024788 0.210483 0.190726 0.072858 0.164204 0.066058 0.062728 0.028557 0.061871 0.023705 0.000000 0.002932 0.006295 0.000003 0.009349 
1.507375 0.006963 0.042054 0.039270 0.106791 0.173036 0.087062 0.102990 0.085645 0.112423 0.081221 0.054693 0.067252 0.003203 0.037347 0.000000 0.000039 0.000009 
1.474827 0.040629 0.049037 0.076492 0.124891 0.114886 0.019760 0.063671 0.056902 0.141797 0.252936 0.034071 0.000000 0.003242 0.021019 0.000000 0.000114 0.000552 
1.443509 0.018080 0.081896 0.154433 0.055683 0.175513 0.158486 0.148093 0.034918 0.068582 0.057674 0.015074 0.025083 0.006454 0.000000 0.000000 0.000026 0.000004 
1.421857 0.038049 0.012845 0.084066 0.062494 0.202069 0.109969 0.103749 0.010080 0.190492 0.000000 0.000000 0.018126 0.062725 0.000000 0.104926 0.000384 0.000026 
1.228518 0.032628 0.042241 0.082639 0.077676 0.134204 0.159599 0.146084 0.066644 0.117747 0.114940 0.000000 0.005626 0.010867 0.002300 0.006195 0.000018 0.000594 
1.210090 0.015926 0.043719 0.099665 0.185064 0.161916 0.000000 0.118857 0.050978 0.063619 0.046009 0.070742 0.000000 0.000000 0.000000 0.143503 0.000001 0.000001 
1.147049 0.030737 0.088674 0.041174 0.058540 0.138439 0.037090 0.107169 0.035978 0.023626 0.048105 0.191885 0.039937 0.003138 0.035502 0.119877 0.000086 0.000043 
1.129843 0.009896 0.000000 0.040833 0.056028 0.079860 0.087756 0.124891 0.050119 0.221235 0.231342 0.013598 0.040654 0.000000 0.000000 0.043623 0.000166 0.000000 
1.101071 0.007672 0.016391 0.115655 0.031282 0.027239 0.020196 0.097468 0.139148 0.364638 0.039076 0.035519 0.000000 0.095814 0.009798 0.000000 0.000076 0.000028 
1.084555 0.012128 0.014499 0.009946 0.039414 0.020608 0.006692 0.099469 0.162394 0.044763 0.090036 0.083782 0.142528 0.271299 0.000000 0.000000 0.002220 0.000222 
1.066064 0.025131 0.060767 0.035806 0.162181 0.020684 0.109048 0.165188 0.115643 0.001648 0.067917 0.084492 0.052875 0.081090 0.016067 0.000000 0.000571 0.000892 
1.050073 0.034754 0.079127 0.112822 0.048003 0.068200 0.107313 0.052738 0.135655 0.000000 0.000000 0.201144 0.000000 0.000000 0.009052 0.144340 0.000047 0.006805 
0.980115 0.022314 0.054942 0.115131 0.038742 0.102883 0.107151 0.065499 0.137200 0.013500 0.105053 0.167489 0.026505 0.038256 0.000000 0.004887 0.000181 0.000268 
0.965413 0.020103 0.192863 0.134253 0.139055 0.000000 0.025190 0.197226 0.120816 0.000000 0.045501 0.037229 0.005892 0.076295 0.000000 0.000000 0.000049 0.005528 
0.950932 0.024467 0.210180 0.153667 0.098222 0.061512 0.041807 0.049388 0.054294 0.000000 0.040837 0.000000 0.000000 0.265619 0.000000 0.000000 0.000007 0.000000 
0.931217 0.095228 0.071222 0.051111 0.149614 0.183069 0.053924 0.116143 0.000000 0.012628 0.134191 0.000000 0.039854 0.085744 0.000000 0.006826 0.000223 0.000226 
0.895216 0.172366 0.142394 0.011006 0.044177 0.023173 0.024285 0.042173 0.068199 0.042163 0.238138 0.000000 0.191215 0.000000 0.000000 0.000000 0.000387 0.000324 
0.870534 0.084247 0.096543 0.032814 0.022481 0.122135 0.076390 0.016716 0.237172 0.037273 0.094060 0.055239 0.034274 0.000000 0.014072 0.047595 0.002003 0.026986 
0.857476 0.007882 0.120033 0.151077 0.092318 0.092570 0.164970 0.166872 0.154123 0.000000 0.045572 0.000000 0.000000 0.003837 0.000000 0.000000 0.000010 0.000736 
0.784825 0.063845 0.090456 0.074591 0.190299 0.052404 0.087151 0.114833 0.120938 0.017571 0.045547 0.043862 0.016216 0.080098 0.000000 0.000000 0.000196 0.001994 
0.773052 0.055815 0.161186 0.021339 0.075254 0.013252 0.105059 0.038274 0.094433 0.111533 0.066063 0.040747 0.028815 0.188129 0.000000 0.000000 0.000061 0.000041 
0.698654 0.027104 0.147440 0.031149 0.082974 0.133437 0.102237 0.151002 0.112823 0.054542 0.048713 0.017318 0.024013 0.066287 0.000000 0.000000 0.000592 0.000368 
0.688175 0.045506 0.346675 0.129513 0.013682 0.118398 0.092436 0.070416 0.060182 0.018458 0.003564 0.000000 0.000000 0.021950 0.000000 0.078312 0.000832 0.000075 
0.668176 0.061474 0.107292 0.131434 0.005781 0.147457 0.181086 0.136378 0.021870 0.132257 0.060630 0.012617 0.000000 0.000000 0.000000 0.000000 0.001495 0.000229 
0.658153 0.024165 0.135895 0.061939 0.031218 0.097874 0.186822 0.169275 0.000000 0.173280 0.117320 0.000000 0.000000 0.000000 0.000000 0.000000 0.000524 0.001687 
0.648281 0.026311 0.183630 0.073710 0.199516 0.103467 0.043581 0.035241 0.000000 0.145752 0.000000 0.188512 0.000000 0.000000 0.000000 0.000000 0.000179 0.000103 
0.602278 0.047490 0.140459 0.112421 0.144019 0.125581 0.128325 0.061572 0.000000 0.018140 0.021551 0.199655 0.000000 0.000000 0.000000 0.000000 0.000247 0.000538 
0.593243 0.063458 0.014879 0.389193 0.131511 0.026931 0.155248 0.146271 0.000000 0.000000 0.000000 0.072445 0.000000 0.000000 0.000000 0.000000 0.000064 0.000000 
0.584345 0.077229 0.009329 0.187177 0.126748 0.010415 0.053408 0.256565 0.048476 0.059918 0.000000 0.079088 0.000000 0.054176 0.000000 0.032819 0.002765 0.001886 
0.565205 0.045783 0.067725 0.084443 0.145707 0.003283 0.150310 0.262150 0.026110 0.092507 0.070102 0.000000 0.000000 0.049691 0.000000 0.000000 0.001825 0.000366 
0.556727 0.032142 0.045731 0.014613 0.173230 0.000000 0.144487 0.232589 0.072021 0.045097 0.236512 0.000000 0.000000 0.000000 0.000000 0.000000 0.001415 0.002164 
0.548376 0.030039 0.004146 0.116996 0.189661 0.069365 0.137674 0.096757 0.160082 0.000000 0.013091 0.170835 0.000000 0.000000 0.000000 0.000000 0.010969 0.000386 
0.521939 0.082215 0.021866 0.023162 0.041445 0.197400 0.000000 0.000000 0.000000 0.218552 0.000000 0.371763 0.000000 0.036912 0.000000 0.000000 0.000036 0.006649 
0.514110 0.121326 0.078056 0.088481 0.093783 0.133565 0.000000 0.001416 0.024562 0.157914 0.000000 0.115378 0.000000 0.184968 0.000000 0.000000 0.000193 0.000359 
0.498783 0.063632 0.246636 0.085753 0.178578 0.159564 0.012345 0.027883 0.104753 0.119764 0.000000 0.000000 0.000700 0.000000 0.000000 0.000000 0.000163 0.000230 
0.491301 0.024015 0.162503 0.089589 0.176775 0.216477 0.000000 0.121335 0.057665 0.132464 0.000000 0.000000 0.018371 0.000000 0.000000 0.000000 0.000197 0.000609 
0.483932 0.059926 0.194299 0.158894 0.260506 0.228639 0.002816 0.004050 0.051463 0.000000 0.000000 0.000000 0.039086 0.000000 0.000000 0.000000 0.000190 0.000129 
0.476673 0.041008 0.085032 0.248456 0.267085 0.158112 0.192338 0.000000 0.000000 0.000000 0.000000 0.000000 0.000000 0.007018 0.000000 0.000000 0.000693 0.000258 
0.469522 0.053630 0.147821 0.162639 0.259002 0.000017 0.294146 0.000000 0.058472 0.001716 0.021053 0.000000 0.000000 0.000000 0.000000 0.000000 0.001350 0.000154 
0.462480 0.089716 0.257796 0.279643 0.135320 0.084281 0.129016 0.004966 0.000000 0.000000 0.018584 0.000000 0.000000 0.000000 0.000000 0.000000 0.000251 0.000428 
0.455542 0.074911 0.149463 0.169200 0.085763 0.196760 0.170708 0.002711 0.030961 0.001365 0.097024 0.000000 0.000000 0.019374 0.000000 0.000000 0.001196 0.000563 
0.448709 0.082146 0.423593 0.229395 0.035250 0.000000 0.201381 0.000000 0.026658 0.000000 0.000000 0.000000 0.000000 0.000000 0.000000 0.000000 0.000335 0.001241 
0.441979 0.087484 0.295375 0.145913 0.331605 0.000000 0.104975 0.000000 0.000000 0.000000 0.000000 0.034005 0.000000 0.000000 0.000000 0.000000 0.000171 0.000470 
0.413786 0.063231 0.200074 0.026478 0.545891 0.049483 0.101067 0.000000 0.000000 0.000000 0.012773 0.000000 0.000000 0.000000 0.000000 0.000000 0.000143 0.000860 
0.407579 0.060776 0.206920 0.161421 0.137622 0.114821 0.022658 0.236647 0.000000 0.024532 0.000000 0.031145 0.000000 0.000000 0.000000 0.000000 0.001115 0.002343 
0.393568 0.092013 0.131418 0.372862 0.013714 0.013281 0.046001 0.078726 0.000000 0.219968 0.000000 0.000000 0.021001 0.006672 0.000000 0.000000 0.004211 0.000132 
0.387665 0.107833 0.203472 0.481649 0.070563 0.000000 0.036502 0.002589 0.000000 0.066836 0.000000 0.000000 0.026025 0.000000 0.000000 0.000000 0.001219 0.003312 
0.381850 0.129234 0.102149 0.381474 0.027875 0.000000 0.118516 0.000000 0.107511 0.130029 0.000000 0.000000 0.000000 0.000000 0.000000 0.000000 0.001892 0.001320 
0.362117 0.062155 0.172259 0.379168 0.043240 0.000000 0.053920 0.000000 0.181533 0.022572 0.035592 0.000000 0.032663 0.011599 0.000000 0.000000 0.003992 0.001308 
0.356685 0.073825 0.357903 0.220595 0.065382 0.030312 0.045875 0.000000 0.086495 0.093178 0.021279 0.000000 0.000000 0.000000 0.000000 0.000000 0.000662 0.004493 
0.351335 0.113446 0.081899 0.280414 0.059438 0.017847 0.018409 0.148061 0.000000 0.189422 0.000000 0.088501 0.000000 0.000000 0.000000 0.000000 0.000373 0.002190 
0.346065 0.058828 0.129687 0.209547 0.065598 0.001500 0.000000 0.119527 0.194734 0.017960 0.011803 0.108429 0.074711 0.000000 0.000000 0.000000 0.004781 0.002894 
0.334996 0.060657 0.191015 0.150542 0.017596 0.034744 0.010774 0.115507 0.184053 0.033932 0.029906 0.020342 0.058720 0.064039 0.025768 0.000000 0.000654 0.001751 
0.329971 0.080234 0.172569 0.229650 0.069094 0.109682 0.029752 0.178815 0.018748 0.004220 0.038537 0.023469 0.000000 0.039467 0.000000 0.000000 0.003449 0.002314 
0.325022 0.147705 0.122433 0.088759 0.106277 0.077737 0.009594 0.235623 0.045925 0.004396 0.000000 0.039504 0.089018 0.029080 0.000000 0.000000 0.001838 0.002110 
0.320146 0.080270 0.159760 0.098380 0.131374 0.042055 0.041131 0.234109 0.174309 0.000000 0.000000 0.012936 0.015614 0.000000 0.000000 0.000000 0.009082 0.000980 
0.315344 0.037051 0.230547 0.027299 0.169860 0.111231 0.020982 0.301494 0.036472 0.000000 0.000000 0.064686 0.000000 0.000000 0.000000 0.000000 0.000095 0.000283 
0.304454 0.039671 0.197019 0.082790 0.330263 0.103020 0.016678 0.086645 0.061583 0.000000 0.000000 0.038082 0.000000 0.043681 0.000000 0.000000 0.000155 0.000412 
0.299887 0.013367 0.168859 0.114902 0.035073 0.113944 0.000000 0.181877 0.371009 0.000000 0.000000 0.000000 0.000000 0.000000 0.000000 0.000000 0.000576 0.000393 
0.295389 0.025682 0.161520 0.086466 0.064341 0.140448 0.122479 0.100322 0.249310 0.030599 0.018435 0.000000 0.000000 0.000000 0.000000 0.000000 0.000126 0.000272 
0.290958 0.033398 0.237188 0.250033 0.221434 0.000000 0.184307 0.037127 0.000000 0.000000 0.017540 0.000000 0.000000 0.000000 0.000000 0.000000 0.010910 0.008063 
0.286594 0.072380 0.213899 0.152965 0.295378 0.146553 0.094569 0.000000 0.000000 0.000000 0.000000 0.000000 0.000000 0.000000 0.000000 0.000000 0.016538 0.007718 
0.282295 0.194127 0.184798 0.110001 0.351285 0.059194 0.000000 0.000000 0.004388 0.000000 0.000000 0.000000 0.000000 0.000000 0.000000 0.000000 0.044281 0.051925 
