17451.950731 0.030597 0.035805 0.037997 0.051644 0.051747 0.055771 0.063457 0.056534 0.058692 0.067370 0.078055 0.059902 0.106209 0.070312 0.115907 0.030000 0.030000 
14834.158122 0.030662 0.030616 0.041689 0.046459 0.056985 0.063932 0.058053 0.059358 0.076164 0.065437 0.065636 0.083316 0.097129 0.065930 0.098635 0.030000 0.030000 
12609.034403 0.030884 0.033453 0.045347 0.051532 0.051771 0.045546 0.043119 0.077019 0.054946 0.083265 0.061623 0.115533 0.054191 0.074958 0.116813 0.030000 0.030000 
10717.679243 0.030839 0.035120 0.037321 0.053470 0.051694 0.053163 0.067835 0.053223 0.068271 0.091258 0.075731 0.083600 0.063353 0.093456 0.081666 0.030000 0.030000 
9110.027357 0.030611 0.033464 0.046763 0.038835 0.045806 0.060670 0.044131 0.070504 0.065094 0.093876 0.080560 0.052224 0.130869 0.064279 0.082313 0.030000 0.030000 
7743.523253 0.030908 0.037677 0.039465 0.048678 0.054522 0.075078 0.052479 0.055867 0.067941 0.066478 0.061980 0.074054 0.091304 0.069535 0.114036 0.030000 0.030000 
6581.994765 0.030861 0.034182 0.040279 0.051197 0.047845 0.038238 0.047816 0.054227 0.079520 0.081087 0.096348 0.083938 0.052199 0.094429 0.107833 0.030000 0.030000 
5594.695550 0.030588 0.038264 0.044454 0.049769 0.044588 0.049969 0.059840 0.075260 0.066063 0.069810 0.064031 0.071472 0.086630 0.080552 0.108708 0.030001 0.030000 
4755.491218 0.030603 0.038796 0.051245 0.042097 0.041515 0.035161 0.068613 0.056030 0.057306 0.082835 0.083929 0.088791 0.079651 0.087839 0.095580 0.030000 0.030009 
4042.167535 0.031015 0.035011 0.039320 0.039979 0.045475 0.064705 0.060627 0.052106 0.077217 0.066609 0.082852 0.077002 0.095449 0.084705 0.087927 0.030000 0.030000 
3435.842405 0.030944 0.036485 0.046607 0.046333 0.043117 0.058903 0.068703 0.064850 0.055298 0.081729 0.061799 0.071301 0.067129 0.086806 0.119995 0.030000 0.030000 
2920.466044 0.030582 0.037210 0.039281 0.048562 0.036573 0.055986 0.053332 0.089772 0.072592 0.073040 0.064058 0.074685 0.095547 0.076810 0.091970 0.030000 0.030000 
2482.396137 0.030644 0.033932 0.037781 0.044813 0.036121 0.047762 0.059019 0.066123 0.069787 0.064466 0.062764 0.074131 0.116492 0.115135 0.081031 0.030000 0.030000 
2110.036717 0.030424 0.035980 0.051132 0.042076 0.068538 0.049292 0.053027 0.072681 0.077442 0.073531 0.088995 0.090080 0.068715 0.061762 0.076298 0.030026 0.030000 
1793.531209 0.031053 0.042442 0.036907 0.033306 0.046066 0.071296 0.048384 0.075307 0.059181 0.072295 0.078165 0.067599 0.058248 0.102447 0.117303 0.030000 0.030000 
1524.501528 0.030586 0.036857 0.046299 0.048899 0.052970 0.047654 0.037976 0.065970 0.071847 0.084686 0.074638 0.113214 0.079085 0.064399 0.084920 0.030000 0.030000 
1295.826299 0.030684 0.038066 0.045264 0.059869 0.050514 0.080195 0.058758 0.065514 0.081724 0.089469 0.035006 0.076532 0.060640 0.094197 0.073568 0.030000 0.030000 
1101.452354 0.030278 0.036206 0.055825 0.036737 0.053173 0.047802 0.039888 0.068345 0.066446 0.060254 0.067268 0.104369 0.135784 0.061998 0.075627 0.030000 0.030000 
936.234501 0.031426 0.035010 0.048364 0.041047 0.068065 0.043748 0.069243 0.069455 0.055782 0.080882 0.072358 0.063627 0.100631 0.067270 0.093092 0.030000 0.030000 
795.799326 0.031288 0.034370 0.040471 0.050307 0.042043 0.030000 0.078795 0.079945 0.073604 0.060364 0.057030 0.156162 0.076964 0.058036 0.070622 0.030000 0.030000 
676.429427 0.030564 0.034859 0.043746 0.055232 0.049987 0.066141 0.070179 0.048918 0.064584 0.059256 0.075399 0.081217 0.112160 0.083776 0.063980 0.030000 0.030000 
574.965013 0.030639 0.035716 0.033245 0.044092 0.052267 0.048471 0.050297 0.066753 0.067248 0.070304 0.060909 0.093249 0.086096 0.115468 0.085247 0.030000 0.030000 
488.720261 0.030761 0.034827 0.045745 0.043574 0.057842 0.064691 0.057795 0.056425 0.061898 0.074012 0.077106 0.095505 0.079089 0.079291 0.081439 0.030000 0.030000 
415.412222 0.030619 0.035479 0.040574 0.046902 0.049096 0.054885 0.065573 0.064048 0.090460 0.078797 0.071223 0.118861 0.066052 0.056653 0.070779 0.030000 0.030000 
353.100389 0.030506 0.035491 0.040331 0.054572 0.065461 0.061584 0.069570 0.073697 0.077404 0.050461 0.064575 0.065391 0.073611 0.092184 0.085162 0.030000 0.030000 
300.135330 0.031055 0.038773 0.042861 0.047034 0.075177 0.057203 0.062246 0.057970 0.051391 0.061539 0.081610 0.079756 0.079556 0.091412 0.082416 0.030000 0.030000 
255.115031 0.031390 0.037471 0.048998 0.057303 0.058701 0.050582 0.069950 0.063770 0.042710 0.081531 0.086378 0.071955 0.064971 0.085340 0.088952 0.030000 0.030000 
216.847776 0.032022 0.041241 0.052233 0.039754 0.058925 0.047389 0.079967 0.054067 0.074827 0.079319 0.057682 0.047740 0.042565 0.125491 0.106778 0.030000 0.030000 
184.320610 0.030488 0.036187 0.043020 0.032220 0.042562 0.041652 0.062554 0.056059 0.061785 0.056069 0.072466 0.080089 0.142388 0.083955 0.098486 0.030020 0.030000 
156.672518 0.031223 0.034776 0.042040 0.074328 0.048195 0.053698 0.061958 0.052547 0.066706 0.072240 0.103887 0.077834 0.077608 0.075322 0.067640 0.030000 0.030000 
133.171640 0.034156 0.042854 0.076376 0.050965 0.047497 0.030000 0.040562 0.109266 0.119660 0.073365 0.044209 0.045244 0.040504 0.084580 0.100762 0.030000 0.030000 
113.195894 0.030829 0.038197 0.048425 0.044108 0.052786 0.044369 0.068883 0.049888 0.067130 0.086354 0.065020 0.084641 0.078597 0.057864 0.122910 0.030000 0.030000 
96.216510 0.030460 0.034886 0.051569 0.046922 0.054542 0.092621 0.072278 0.045876 0.061583 0.073874 0.040498 0.057950 0.078678 0.116371 0.081892 0.030000 0.030000 
81.784034 0.032192 0.035986 0.049553 0.044044 0.066722 0.064101 0.061417 0.085503 0.070027 0.062475 0.058272 0.098298 0.077454 0.076380 0.057577 0.030000 0.030000 
69.516429 0.032067 0.030711 0.050509 0.039224 0.049815 0.120485 0.074149 0.063537 0.092527 0.048834 0.048409 0.058371 0.054270 0.114078 0.063016 0.030000 0.030000 
59.088964 0.030000 0.069265 0.078506 0.111562 0.054609 0.065204 0.037959 0.030976 0.062919 0.129076 0.030000 0.087495 0.030000 0.073131 0.049298 0.030000 0.030000 
50.225620 0.030839 0.050492 0.054834 0.035425 0.080681 0.044100 0.129484 0.030000 0.058839 0.075850 0.030000 0.112200 0.045373 0.103767 0.057893 0.030224 0.030000 
42.691777 0.032737 0.042264 0.055743 0.044750 0.063232 0.047498 0.064173 0.057180 0.046873 0.067781 0.071362 0.092295 0.107215 0.074155 0.072743 0.030000 0.030000 
36.288010 0.032599 0.053820 0.046928 0.054724 0.062306 0.075511 0.058330 0.100513 0.046473 0.048768 0.079831 0.074105 0.048288 0.081359 0.076445 0.030000 0.030000 
30.844809 0.032321 0.043774 0.049473 0.044008 0.066643 0.060749 0.064937 0.079134 0.062937 0.067045 0.090307 0.049958 0.113655 0.057367 0.057692 0.030000 0.030000 
26.218087 0.031643 0.037573 0.046710 0.043437 0.058720 0.093541 0.040647 0.080493 0.085377 0.079721 0.072805 0.077706 0.039015 0.070367 0.081267 0.030000 0.030978 
22.285374 0.030595 0.041212 0.049865 0.066490 0.059546 0.059526 0.054797 0.074425 0.069056 0.079706 0.068827 0.065664 0.063803 0.103683 0.052805 0.030000 0.030000 
18.942568 0.030000 0.034382 0.044957 0.056197 0.037629 0.032811 0.070851 0.117171 0.095017 0.064626 0.053459 0.052705 0.070448 0.063867 0.115880 0.030000 0.030000 
16.101183 0.032740 0.035765 0.043211 0.053918 0.078992 0.054276 0.067035 0.077689 0.051923 0.074566 0.078082 0.098330 0.071210 0.054428 0.067835 0.030000 0.030000 
13.686005 0.034871 0.040089 0.046418 0.049442 0.078766 0.052809 0.071523 0.042914 0.074201 0.099387 0.061983 0.071115 0.101192 0.057751 0.057539 0.030000 0.030000 
11.633105 0.032136 0.040953 0.057359 0.074733 0.059729 0.076929 0.071731 0.069517 0.078713 0.065004 0.058439 0.074915 0.063813 0.051450 0.064299 0.030000 0.030281 
9.888139 0.031594 0.043931 0.044944 0.050600 0.056720 0.063042 0.074504 0.037118 0.064939 0.051866 0.064640 0.067986 0.118538 0.071193 0.097504 0.030882 0.030000 
8.404918 0.032111 0.032926 0.030000 0.055495 0.053343 0.081514 0.091790 0.051646 0.072390 0.060480 0.039439 0.096577 0.087847 0.093592 0.060849 0.030000 0.030000 
7.144180 0.032698 0.037197 0.056448 0.053512 0.058466 0.068050 0.065757 0.057170 0.080094 0.077413 0.110393 0.060016 0.062240 0.051048 0.069264 0.030233 0.030000 
6.072553 0.031116 0.033633 0.051002 0.047023 0.057249 0.061241 0.046035 0.036258 0.065212 0.087774 0.076364 0.100796 0.098120 0.075565 0.072612 0.030000 0.030000 
5.161670 0.031518 0.034799 0.048977 0.050201 0.078035 0.055188 0.083733 0.073516 0.066357 0.064558 0.067136 0.077109 0.080682 0.060986 0.067204 0.030000 0.030000 
4.387420 0.031741 0.045673 0.071409 0.069709 0.070690 0.081728 0.064889 0.045013 0.056896 0.093675 0.040901 0.087839 0.034091 0.081870 0.063877 0.030000 0.030000 
3.729307 0.035671 0.039903 0.044678 0.067319 0.067288 0.048641 0.073833 0.075473 0.048423 0.073359 0.075723 0.105906 0.048010 0.074126 0.061646 0.030000 0.030000 
3.169911 0.034293 0.050375 0.062603 0.077259 0.041574 0.053360 0.048416 0.051755 0.110703 0.085474 0.056043 0.064266 0.046880 0.068818 0.088182 0.030000 0.030000 
2.694424 0.033250 0.038076 0.047333 0.071426 0.056218 0.076361 0.071617 0.047455 0.091017 0.071126 0.050014 0.116171 0.061765 0.041678 0.066495 0.030000 0.030000 
2.290261 0.031832 0.039026 0.050766 0.052490 0.060807 0.060926 0.060834 0.040973 0.075902 0.055067 0.092206 0.061353 0.114114 0.096284 0.047419 0.030000 0.030000 
1.946721 0.032219 0.036836 0.051888 0.059752 0.062764 0.068896 0.074148 0.052023 0.051866 0.043628 0.099857 0.064015 0.055860 0.095613 0.071329 0.030000 0.049303 
1.656374 0.034101 0.062283 0.056795 0.052155 0.075403 0.091763 0.074235 0.065818 0.054394 0.059486 0.074177 0.043036 0.076141 0.078810 0.035419 0.030003 0.035983 
1.407918 0.032960 0.063431 0.059615 0.061696 0.106370 0.097304 0.050446 0.050144 0.059081 0.045868 0.057181 0.086030 0.051257 0.069613 0.048940 0.030012 0.030052 
1.361151 0.034587 0.049215 0.048151 0.108583 0.055765 0.124793 0.073052 0.030000 0.078660 0.030581 0.146288 0.048327 0.030000 0.030000 0.051947 0.030004 0.030046 
1.340734 0.035009 0.075209 0.056424 0.040431 0.213692 0.066169 0.165940 0.030000 0.030000 0.030000 0.075412 0.030000 0.030000 0.030536 0.031083 0.030056 0.030039 
1.139624 0.044954 0.057750 0.109161 0.046546 0.050657 0.108445 0.052087 0.030000 0.252967 0.034706 0.032709 0.030000 0.030000 0.030000 0.030000 0.030002 0.030016 
0.996157 0.039343 0.066873 0.084511 0.068926 0.117158 0.066146 0.067434 0.102953 0.070590 0.045081 0.030000 0.030000 0.090850 0.030000 0.030000 0.030096 0.030038 
0.981214 0.048030 0.052822 0.055769 0.149903 0.054725 0.071278 0.095915 0.120771 0.090333 0.030000 0.048511 0.031893 0.030042 0.030000 0.030000 0.030000 0.030008 
0.957313 0.033094 0.066443 0.030000 0.053561 0.037186 0.057989 0.120429 0.041443 0.035921 0.030000 0.070000 0.030000 0.119915 0.136563 0.077449 0.030005 0.030001 
0.923266 0.036821 0.062521 0.069583 0.054393 0.150212 0.087232 0.082163 0.044484 0.042453 0.073498 0.052990 0.030175 0.054676 0.047204 0.051380 0.030171 0.030044 
0.909417 0.032404 0.049781 0.042293 0.082183 0.056042 0.097836 0.128036 0.092370 0.094397 0.062004 0.056057 0.030000 0.055321 0.031009 0.030000 0.030122 0.030145 
0.773005 0.050972 0.077122 0.067007 0.081045 0.077982 0.077367 0.075625 0.049274 0.049673 0.059099 0.035971 0.042289 0.070934 0.050979 0.074050 0.030069 0.030542 
0.761410 0.033786 0.034443 0.064035 0.083001 0.053843 0.030000 0.087508 0.073734 0.044807 0.044507 0.143437 0.097898 0.077744 0.033393 0.030000 0.035062 0.032802 
0.740278 0.034972 0.122855 0.104429 0.095707 0.107910 0.050338 0.065339 0.042320 0.045174 0.034561 0.043060 0.052019 0.077494 0.030000 0.031676 0.031412 0.030734 
0.729173 0.038901 0.043694 0.081619 0.043060 0.060799 0.068149 0.030000 0.064522 0.138815 0.032370 0.030000 0.182073 0.065769 0.030000 0.030000 0.030115 0.030113 
0.714150 0.041024 0.140862 0.070734 0.051188 0.068287 0.178968 0.030000 0.037698 0.047800 0.030000 0.047860 0.036285 0.097914 0.030000 0.030000 0.030351 0.031029 
0.702738 0.046642 0.069337 0.059422 0.080947 0.118238 0.047754 0.032895 0.063514 0.096056 0.030000 0.049151 0.030671 0.070653 0.096108 0.047732 0.030677 0.030201 
0.692197 0.069729 0.082704 0.168953 0.075147 0.053395 0.030000 0.030000 0.044242 0.037633 0.139912 0.030000 0.030000 0.038096 0.077155 0.030000 0.032846 0.030190 
0.656152 0.033311 0.070795 0.060781 0.069666 0.095467 0.122627 0.084988 0.049550 0.042145 0.071297 0.033002 0.050719 0.030000 0.054471 0.069607 0.031271 0.030303 
0.646310 0.045794 0.093079 0.056318 0.073822 0.055798 0.044512 0.127148 0.030000 0.114132 0.030972 0.098937 0.073462 0.030000 0.030000 0.035450 0.030218 0.030355 
0.636615 0.052440 0.056454 0.074374 0.038406 0.115059 0.058163 0.047522 0.110867 0.030000 0.041395 0.068275 0.156119 0.030000 0.030000 0.030000 0.030051 0.030877 
0.627066 0.072527 0.030627 0.039340 0.088618 0.096967 0.051848 0.030000 0.036452 0.034960 0.145859 0.097869 0.064917 0.030000 0.083117 0.030000 0.031280 0.035618 
0.595940 0.069934 0.074041 0.108890 0.072695 0.042619 0.062428 0.084348 0.033602 0.053581 0.039861 0.038275 0.134916 0.042162 0.052296 0.030000 0.030224 0.030128 
0.566006 0.047942 0.104882 0.094380 0.166488 0.088234 0.038112 0.084895 0.030000 0.030000 0.074614 0.030000 0.044926 0.030000 0.045239 0.030000 0.030206 0.030083 
0.543944 0.044105 0.075111 0.088754 0.063517 0.057933 0.037752 0.083226 0.108123 0.030000 0.044992 0.039225 0.051767 0.030000 0.066767 0.117674 0.030802 0.030251 
0.535785 0.047296 0.066412 0.062661 0.245225 0.030000 0.102232 0.094011 0.043946 0.030000 0.061597 0.030000 0.035023 0.030000 0.030000 0.030000 0.030000 0.031596 
0.527748 0.081679 0.057647 0.083338 0.099211 0.030000 0.104359 0.055241 0.030000 0.030000 0.030000 0.030000 0.098333 0.030617 0.030000 0.140570 0.030655 0.038350 
0.519832 0.049003 0.073046 0.083565 0.049343 0.138732 0.031698 0.082376 0.030000 0.030000 0.030000 0.214907 0.037329 0.030000 0.030000 0.030000 0.030000 0.030000 
0.512035 0.034568 0.051015 0.053242 0.030000 0.062711 0.080041 0.030385 0.031087 0.030000 0.030000 0.047522 0.064504 0.030000 0.122889 0.241648 0.030227 0.030161 
0.504354 0.034529 0.130064 0.064611 0.032295 0.055277 0.050006 0.030000 0.154610 0.030000 0.120742 0.030383 0.031741 0.087180 0.038970 0.045591 0.032202 0.031797 
0.476416 0.042564 0.069366 0.065782 0.068266 0.053570 0.046698 0.053297 0.045912 0.051784 0.048802 0.090067 0.155239 0.041925 0.072219 0.033699 0.030168 0.030643 
0.469270 0.032150 0.062471 0.034505 0.127533 0.107584 0.058793 0.102476 0.030000 0.105095 0.030000 0.048862 0.097044 0.030000 0.043300 0.030000 0.030144 0.030042 
0.450338 0.069020 0.070170 0.089608 0.106111 0.090836 0.070177 0.100091 0.056083 0.045921 0.041335 0.036107 0.073643 0.030000 0.030000 0.030000 0.030500 0.030397 
0.443583 0.034551 0.045212 0.083296 0.081351 0.158239 0.030000 0.073568 0.125563 0.030000 0.072265 0.030000 0.030000 0.081924 0.030000 0.030000 0.030501 0.033529 
0.436930 0.048141 0.139166 0.030901 0.097244 0.109121 0.114149 0.108740 0.058119 0.040372 0.039974 0.030000 0.030000 0.030000 0.030000 0.030000 0.033995 0.030078 
0.430376 0.061043 0.139491 0.240334 0.048031 0.067335 0.075863 0.063356 0.030000 0.030000 0.030000 0.030000 0.030000 0.030000 0.030000 0.030000 0.034222 0.030326 
0.423920 0.038747 0.042327 0.043411 0.043573 0.053088 0.033910 0.040221 0.043674 0.031770 0.370961 0.045991 0.061480 0.030000 0.030000 0.030000 0.030651 0.030197 
0.417561 0.035984 0.058400 0.030000 0.050780 0.056148 0.094183 0.031750 0.030000 0.159291 0.044000 0.082096 0.030000 0.172043 0.030000 0.031356 0.033467 0.030501 
0.411298 0.036699 0.060938 0.080720 0.084718 0.051219 0.055217 0.091888 0.076988 0.090519 0.059061 0.067242 0.049194 0.051035 0.047547 0.033958 0.031636 0.031423 
0.405128 0.081975 0.076762 0.096648 0.045437 0.089436 0.076915 0.064496 0.051457 0.056337 0.050242 0.039875 0.056383 0.050266 0.071782 0.030000 0.030416 0.031573 
0.399051 0.043788 0.112269 0.072788 0.077839 0.130636 0.030000 0.104195 0.030000 0.040356 0.147442 0.030000 0.030000 0.030000 0.030000 0.030000 0.030055 0.030632 
0.393066 0.047085 0.104437 0.111509 0.062612 0.068137 0.048437 0.093407 0.096028 0.030000 0.030000 0.030000 0.089556 0.062509 0.030000 0.030000 0.036059 0.030223 
0.387170 0.084833 0.092181 0.051523 0.101527 0.102082 0.037511 0.080103 0.032159 0.030000 0.030000 0.032746 0.051264 0.095146 0.030000 0.087324 0.031277 0.030323 
0.381362 0.087326 0.117857 0.030000 0.087855 0.121667 0.030000 0.051424 0.127568 0.030000 0.030000 0.030000 0.087511 0.033306 0.030000 0.032920 0.036353 0.036214 
0.375642 0.038332 0.113021 0.126060 0.158108 0.148788 0.030000 0.050756 0.031295 0.055103 0.030000 0.032607 0.030000 0.030000 0.030000 0.030000 0.032285 0.033647 
0.370007 0.075301 0.077393 0.087888 0.060775 0.097937 0.030000 0.044887 0.030000 0.032245 0.037736 0.178245 0.093611 0.030000 0.030000 0.030000 0.031093 0.032888 
0.364457 0.090265 0.084468 0.178401 0.094660 0.030000 0.030000 0.060529 0.030000 0.158340 0.030000 0.030000 0.030000 0.030000 0.030000 0.030000 0.030415 0.032923 
0.356676 0.059318 0.096217 0.103423 0.091561 0.082710 0.063061 0.085166 0.059500 0.045387 0.030000 0.065078 0.030000 0.064956 0.030000 0.030000 0.032516 0.031108 
0.351326 0.071828 0.069153 0.103156 0.130425 0.046591 0.040789 0.054174 0.149280 0.030000 0.030000 0.030000 0.030000 0.093951 0.030000 0.030000 0.030653 0.030000 
0.345001 0.152275 0.148712 0.126749 0.069799 0.030000 0.043314 0.030000 0.078332 0.030000 0.030000 0.061008 0.048042 0.030000 0.030000 0.030000 0.030666 0.031103 
0.339826 0.051153 0.115578 0.093793 0.059164 0.074252 0.097741 0.046313 0.060031 0.037081 0.030000 0.030000 0.154459 0.030000 0.030000 0.030000 0.030352 0.030083 
0.334729 0.090918 0.093398 0.109228 0.030000 0.125423 0.093249 0.030000 0.111256 0.030000 0.030000 0.030000 0.064052 0.030000 0.030000 0.030000 0.030626 0.041851 
0.329708 0.143311 0.078170 0.090240 0.143255 0.182450 0.030000 0.030000 0.030000 0.030000 0.030000 0.030000 0.030000 0.030000 0.030000 0.030000 0.030000 0.032574 
0.324762 0.160817 0.081327 0.177078 0.155581 0.061067 0.030000 0.030000 0.030000 0.030000 0.030000 0.030000 0.030000 0.030000 0.030000 0.030000 0.030252 0.033878 
0.319891 0.066615 0.169083 0.104885 0.046360 0.166833 0.033437 0.073534 0.030000 0.030000 0.030000 0.030000 0.030000 0.030000 0.030000 0.030000 0.030079 0.069173 
0.315092 0.042416 0.132141 0.030223 0.044022 0.133026 0.030000 0.043146 0.032194 0.030000 0.053953 0.145710 0.030000 0.040323 0.030000 0.114754 0.030282 0.037809 
0.310366 0.048210 0.099719 0.045799 0.058882 0.057738 0.331066 0.030000 0.030000 0.030000 0.056080 0.030000 0.030000 0.030000 0.030000 0.030000 0.031353 0.031154 
0.305710 0.042247 0.092672 0.071878 0.079876 0.037944 0.045343 0.114403 0.030000 0.201426 0.036619 0.030000 0.066183 0.030000 0.030000 0.030000 0.030937 0.030472 
0.301125 0.054278 0.157667 0.054679 0.086529 0.030000 0.066160 0.115587 0.030000 0.032683 0.032201 0.030000 0.030000 0.030000 0.030000 0.157195 0.030595 0.032427 
0.296608 0.045243 0.129529 0.036425 0.097693 0.030000 0.082292 0.055463 0.049444 0.030000 0.030000 0.054455 0.030000 0.030000 0.146988 0.091766 0.030467 0.030236 
0.286532 0.055127 0.082688 0.125022 0.067814 0.177118 0.071889 0.111348 0.030000 0.030000 0.030000 0.030000 0.030000 0.030000 0.030000 0.037022 0.030330 0.031643 
0.282234 0.047923 0.085772 0.067096 0.164905 0.124461 0.040792 0.043583 0.030000 0.030000 0.030000 0.141027 0.030000 0.030000 0.030000 0.030000 0.043023 0.031418 
0.272390 0.094586 0.075561 0.097250 0.131810 0.069974 0.030000 0.097019 0.113271 0.030000 0.030076 0.040383 0.030000 0.030000 0.030000 0.030000 0.031223 0.038847 
0.268304 0.051117 0.090184 0.092712 0.076012 0.080458 0.206886 0.030000 0.101480 0.030000 0.030000 0.030000 0.030000 0.030000 0.030000 0.030000 0.030157 0.030995 
0.264279 0.076803 0.129670 0.078633 0.102969 0.089201 0.048073 0.063242 0.074562 0.031725 0.030000 0.030000 0.030000 0.030000 0.030000 0.090450 0.033545 0.031126 
0.255818 0.079928 0.103291 0.109109 0.097285 0.048022 0.067513 0.065854 0.081644 0.030000 0.050575 0.084543 0.030000 0.030000 0.030000 0.030000 0.031323 0.030913 
0.251980 0.049544 0.104391 0.082245 0.101309 0.032413 0.080287 0.038804 0.030000 0.030000 0.030000 0.030000 0.030000 0.030000 0.030000 0.234118 0.030680 0.036209 
18235.526100 0.031645 0.038496 0.031376 0.043044 0.056825 0.054958 0.048684 0.065514 0.081929 0.073421 0.075115 0.084247 0.078242 0.096355 0.080149 0.030000 0.030000 
15500.197185 0.031666 0.038366 0.039185 0.050846 0.045874 0.046213 0.048775 0.056268 0.045338 0.082555 0.091020 0.060150 0.084625 0.085299 0.133818 0.030000 0.030000 
13175.167607 0.030619 0.036734 0.042501 0.043467 0.055654 0.053510 0.069578 0.061771 0.065381 0.066730 0.063571 0.083246 0.092207 0.092370 0.082658 0.030000 0.030002 
11198.892466 0.030000 0.035372 0.047322 0.056906 0.056449 0.045622 0.047413 0.056874 0.067218 0.058082 0.118798 0.040695 0.090986 0.095073 0.093190 0.030000 0.030000 
9519.058596 0.031402 0.033794 0.040157 0.040034 0.056416 0.057977 0.067306 0.061351 0.073495 0.065512 0.069677 0.073781 0.086214 0.089309 0.093574 0.030000 0.030001 
8091.199807 0.031866 0.034241 0.037829 0.038716 0.047147 0.064231 0.056241 0.066467 0.057036 0.077097 0.056068 0.094367 0.095230 0.090839 0.092624 0.030000 0.030000 
6877.519836 0.030000 0.039422 0.043879 0.046711 0.040795 0.055688 0.051626 0.061504 0.034409 0.082495 0.099262 0.085972 0.092409 0.086234 0.089595 0.030000 0.030000 
5845.891860 0.032123 0.033642 0.044966 0.041359 0.047275 0.049040 0.056215 0.071823 0.056834 0.081122 0.087250 0.093607 0.065509 0.095922 0.083313 0.030000 0.030000 
4969.008081 0.030726 0.035840 0.041297 0.046092 0.054989 0.058379 0.052991 0.066314 0.070335 0.078801 0.061709 0.070942 0.075478 0.101114 0.094992 0.030000 0.030000 
4223.656869 0.031714 0.038150 0.046307 0.038053 0.049936 0.056471 0.062114 0.075024 0.063078 0.065351 0.062168 0.080711 0.072087 0.098242 0.100594 0.030000 0.030000 
3590.108339 0.031383 0.030628 0.046590 0.040555 0.054711 0.049568 0.056893 0.052211 0.070802 0.088583 0.089268 0.097605 0.083113 0.067357 0.080734 0.030000 0.030000 
3051.592088 0.030355 0.033765 0.034026 0.038536 0.040141 0.030000 0.098629 0.030000 0.090001 0.120009 0.069534 0.099953 0.106686 0.088365 0.030000 0.030000 0.030000 
2593.853275 0.030635 0.039544 0.046757 0.053697 0.063448 0.073598 0.057023 0.048576 0.068107 0.059049 0.076434 0.081438 0.087350 0.079020 0.075324 0.030000 0.030000 
2204.775284 0.031931 0.038514 0.038763 0.041000 0.047687 0.053469 0.072360 0.063873 0.064695 0.083629 0.081519 0.059035 0.058868 0.102893 0.101764 0.030000 0.030000 
1874.058991 0.030929 0.037476 0.039456 0.047649 0.042929 0.063085 0.053386 0.051253 0.066095 0.060400 0.120665 0.088569 0.062272 0.092850 0.082985 0.030000 0.030000 
1592.950142 0.032049 0.033425 0.043539 0.048732 0.039623 0.053594 0.060073 0.114603 0.057596 0.039303 0.070215 0.097429 0.067479 0.074668 0.107671 0.030000 0.030000 
1354.007621 0.031024 0.036193 0.046208 0.030000 0.056204 0.073454 0.056458 0.049697 0.055612 0.073555 0.095144 0.077854 0.100122 0.072371 0.086106 0.030000 0.030000 
1150.906478 0.030245 0.039119 0.036994 0.030000 0.046391 0.050500 0.045730 0.059724 0.080389 0.090621 0.063999 0.082445 0.127664 0.046880 0.109299 0.030000 0.030000 
978.270506 0.030061 0.034404 0.031265 0.056274 0.058441 0.058512 0.042525 0.054564 0.067361 0.062847 0.070661 0.080603 0.102187 0.086307 0.103983 0.030000 0.030007 
831.529930 0.032111 0.036438 0.044744 0.057736 0.050993 0.060656 0.051448 0.043391 0.066963 0.075873 0.075993 0.093824 0.065918 0.095369 0.088542 0.030000 0.030000 
706.800441 0.030685 0.040299 0.038112 0.051121 0.067047 0.042072 0.066627 0.069273 0.066746 0.078923 0.064119 0.096126 0.081334 0.073683 0.073832 0.030000 0.030000 
600.780375 0.031128 0.038710 0.047344 0.044625 0.050900 0.052430 0.067929 0.053937 0.039567 0.078058 0.123423 0.063310 0.060850 0.121283 0.066507 0.030000 0.030000 
510.663318 0.032308 0.039763 0.041089 0.051705 0.055374 0.050250 0.044947 0.050266 0.062198 0.069653 0.062543 0.104029 0.084391 0.088575 0.102910 0.030000 0.030000 
434.063821 0.030767 0.030333 0.045997 0.048556 0.050727 0.057192 0.053013 0.078433 0.065278 0.047594 0.050152 0.092249 0.128384 0.092310 0.069014 0.030000 0.030000 
368.954248 0.031956 0.040587 0.046887 0.041673 0.061944 0.069327 0.065345 0.077515 0.073583 0.098160 0.039431 0.034097 0.064358 0.133129 0.062008 0.030000 0.030000 
313.611110 0.031020 0.037221 0.038370 0.038236 0.048289 0.056172 0.043727 0.073397 0.037474 0.063422 0.087353 0.100233 0.093972 0.078879 0.112236 0.030000 0.030000 
266.569444 0.031514 0.031769 0.042828 0.055309 0.063158 0.048292 0.056761 0.082199 0.071389 0.049392 0.079227 0.095455 0.068695 0.080100 0.083913 0.030000 0.030000 
226.584027 0.030627 0.039888 0.059625 0.043757 0.050368 0.032340 0.076838 0.096587 0.069085 0.054115 0.076090 0.072376 0.045668 0.117322 0.075314 0.030000 0.030000 
192.596423 0.031208 0.039844 0.043731 0.048632 0.056688 0.069110 0.044833 0.060897 0.077666 0.090429 0.073025 0.065465 0.053987 0.075522 0.108961 0.030000 0.030000 
163.706960 0.031912 0.034829 0.051823 0.045544 0.068200 0.061702 0.049504 0.078402 0.066130 0.087130 0.056371 0.068467 0.075633 0.068242 0.096112 0.030000 0.030000 
139.150916 0.032001 0.038298 0.038981 0.049591 0.058585 0.075285 0.046899 0.096192 0.062579 0.087165 0.083860 0.060908 0.070316 0.064797 0.074543 0.030000 0.030000 
118.278278 0.033308 0.036866 0.050472 0.055154 0.045999 0.070308 0.059298 0.070608 0.059131 0.083018 0.072508 0.071618 0.101047 0.057852 0.072812 0.030000 0.030000 
100.536537 0.030970 0.035158 0.042003 0.049456 0.058543 0.060864 0.065921 0.056571 0.055967 0.067383 0.055678 0.070576 0.079679 0.113324 0.097905 0.030000 0.030003 
85.456056 0.030951 0.043760 0.043504 0.049597 0.046401 0.045160 0.061959 0.063987 0.070245 0.076911 0.051049 0.085939 0.091359 0.073795 0.105382 0.030000 0.030000 
72.637648 0.030111 0.031331 0.039865 0.046823 0.069358 0.063434 0.073072 0.068929 0.048425 0.073249 0.060118 0.092226 0.066210 0.100072 0.076720 0.030000 0.030057 
61.742001 0.031983 0.037827 0.032650 0.047281 0.055361 0.060303 0.056311 0.072416 0.081623 0.067617 0.077157 0.083382 0.094961 0.079793 0.061303 0.030000 0.030032 
52.480700 0.031661 0.046188 0.044299 0.042903 0.048271 0.051839 0.065482 0.061953 0.064943 0.077686 0.058133 0.078266 0.081961 0.092978 0.093407 0.030000 0.030031 
44.608595 0.030671 0.037395 0.038185 0.056635 0.056074 0.063461 0.053406 0.062179 0.077377 0.073483 0.083274 0.078715 0.076780 0.064311 0.088054 0.030000 0.030000 
37.917306 0.032235 0.040806 0.041008 0.037677 0.068030 0.061045 0.063091 0.091459 0.066881 0.042053 0.082413 0.074534 0.076398 0.080668 0.081702 0.030000 0.030000 
32.229710 0.030697 0.036394 0.047809 0.041018 0.054476 0.047404 0.089733 0.073601 0.060773 0.030000 0.054249 0.085116 0.084428 0.106166 0.098135 0.030000 0.030000 
27.395254 0.031417 0.030797 0.044913 0.044229 0.035335 0.053373 0.092772 0.072307 0.042707 0.115886 0.090145 0.061959 0.057583 0.072826 0.093748 0.030000 0.030000 
23.285966 0.032850 0.047074 0.040402 0.069177 0.051247 0.070555 0.064772 0.082762 0.076793 0.076532 0.061602 0.067636 0.055437 0.088907 0.054029 0.030061 0.030164 
19.793071 0.030000 0.036119 0.055852 0.048451 0.077096 0.057781 0.066337 0.049308 0.068180 0.077391 0.064049 0.056111 0.096545 0.093370 0.063410 0.030000 0.030000 
16.824110 0.031437 0.037492 0.055498 0.049346 0.038286 0.052709 0.073129 0.083531 0.068963 0.073606 0.095030 0.064361 0.079582 0.075655 0.061377 0.030000 0.030000 
14.300494 0.030594 0.059938 0.036047 0.055093 0.081218 0.050224 0.036134 0.077722 0.057145 0.065947 0.070354 0.067548 0.090517 0.070368 0.091152 0.030000 0.030000 
12.155420 0.033827 0.051825 0.053422 0.070533 0.083064 0.044917 0.044160 0.065680 0.069856 0.063635 0.054368 0.094406 0.063968 0.090661 0.055679 0.030000 0.030000 
10.332107 0.033691 0.035246 0.058232 0.057687 0.054133 0.067921 0.046372 0.053653 0.085088 0.077028 0.065939 0.077708 0.077025 0.057255 0.092794 0.030228 0.030000 
8.782291 0.030816 0.053361 0.054642 0.045005 0.033110 0.055234 0.052436 0.044533 0.071622 0.070777 0.106492 0.063142 0.079863 0.108674 0.070293 0.030000 0.030000 
7.464947 0.034296 0.049096 0.049373 0.074627 0.063202 0.061103 0.067745 0.104155 0.064668 0.073219 0.052163 0.067493 0.046953 0.040263 0.091645 0.030000 0.030000 
6.345205 0.035151 0.052228 0.049137 0.054008 0.081388 0.084381 0.040236 0.062973 0.064331 0.079628 0.059652 0.055616 0.073308 0.080217 0.067748 0.030000 0.030000 
5.393424 0.032029 0.044554 0.042301 0.043839 0.066208 0.066208 0.070963 0.130599 0.063367 0.054612 0.113135 0.078672 0.049345 0.030054 0.054113 0.030000 0.030000 
4.584411 0.032449 0.042923 0.048962 0.066064 0.075201 0.081088 0.055661 0.104418 0.089179 0.049008 0.049525 0.076356 0.041297 0.045985 0.081886 0.030000 0.030000 
3.896749 0.034770 0.042867 0.060112 0.049052 0.076685 0.048748 0.094543 0.071760 0.066672 0.071963 0.076069 0.068222 0.083478 0.030000 0.063686 0.031371 0.030000 
3.312237 0.034670 0.053677 0.062397 0.052829 0.053804 0.095810 0.041318 0.049516 0.079366 0.048736 0.040368 0.033265 0.139482 0.045669 0.109092 0.030000 0.030000 
2.815401 0.039631 0.041023 0.109952 0.122934 0.052208 0.068601 0.068421 0.077001 0.077597 0.048480 0.063079 0.030000 0.050217 0.030000 0.057083 0.030000 0.033772 
2.393091 0.039484 0.050081 0.066142 0.063900 0.066651 0.084395 0.041733 0.066956 0.061389 0.069575 0.084049 0.040074 0.104871 0.052203 0.048497 0.030000 0.030000 
2.034127 0.030904 0.039489 0.048428 0.108640 0.071209 0.117718 0.069338 0.072069 0.069737 0.076366 0.091317 0.030000 0.041870 0.042916 0.030000 0.030000 0.030000 
1.729008 0.068474 0.072934 0.055100 0.074401 0.117783 0.051698 0.089381 0.085740 0.056465 0.039639 0.052374 0.070005 0.030000 0.032121 0.037968 0.030003 0.035917 
1.507375 0.033555 0.046806 0.046407 0.066355 0.078196 0.083349 0.060537 0.064226 0.144816 0.076659 0.056459 0.058098 0.035888 0.058607 0.030000 0.030036 0.030007 
1.474827 0.054146 0.079542 0.100254 0.093088 0.082758 0.046636 0.063856 0.050531 0.061835 0.121264 0.052947 0.030000 0.033276 0.039233 0.030000 0.030128 0.030507 
1.443509 0.041212 0.071823 0.083629 0.055443 0.099261 0.128279 0.105628 0.047832 0.057064 0.048544 0.043087 0.061109 0.037004 0.030000 0.030000 0.030074 0.030011 
1.421857 0.050919 0.039887 0.054887 0.060064 0.116407 0.058215 0.109856 0.036466 0.103311 0.030000 0.030000 0.043951 0.064486 0.030000 0.110762 0.030739 0.030051 
1.228518 0.045467 0.062348 0.075705 0.072960 0.063401 0.088846 0.085934 0.074230 0.078841 0.125354 0.030000 0.033500 0.036363 0.033271 0.032284 0.030015 0.031479 
1.210090 0.042403 0.049455 0.052175 0.071176 0.075851 0.030000 0.071137 0.047644 0.052019 0.038957 0.140179 0.030000 0.030000 0.030000 0.179002 0.030001 0.030001 
1.147049 0.045575 0.064722 0.055335 0.063620 0.067268 0.065502 0.059781 0.052138 0.043568 0.112880 0.065935 0.098807 0.033004 0.060583 0.051075 0.030082 0.030124 
1.129843 0.036741 0.030000 0.076356 0.057260 0.052666 0.063209 0.115071 0.064139 0.180696 0.076347 0.033562 0.042587 0.030000 0.030000 0.051224 0.030141 0.030000 
1.101071 0.034820 0.054028 0.086513 0.043757 0.038557 0.038882 0.056790 0.097993 0.091676 0.047185 0.082067 0.030000 0.170455 0.037182 0.030000 0.030066 0.030031 
1.084555 0.041543 0.048399 0.037573 0.105025 0.049614 0.042738 0.093113 0.086203 0.039467 0.078967 0.075565 0.097826 0.081642 0.030000 0.030000 0.032113 0.030211 
1.066064 0.059073 0.075193 0.076601 0.086287 0.049578 0.086770 0.091426 0.071519 0.032145 0.053571 0.073986 0.051174 0.055585 0.045208 0.030000 0.030849 0.031032 
1.050073 0.043052 0.059716 0.106266 0.046225 0.076102 0.057901 0.049806 0.080945 0.030000 0.030000 0.143309 0.030000 0.030000 0.037649 0.111310 0.030053 0.037667 
0.980115 0.045175 0.052418 0.057634 0.065129 0.068163 0.092459 0.089391 0.071468 0.041017 0.125256 0.064170 0.048025 0.058382 0.030000 0.030973 0.030123 0.030218 
0.965413 0.064317 0.194611 0.087293 0.082749 0.030000 0.042286 0.086112 0.061729 0.030000 0.040356 0.042710 0.032515 0.082095 0.030000 0.030000 0.030083 0.033145 
0.950932 0.050867 0.065851 0.076806 0.071885 0.073718 0.074570 0.049146 0.076306 0.030000 0.059024 0.030000 0.030000 0.191813 0.030000 0.030000 0.030014 0.030000 
0.931217 0.127463 0.058523 0.054778 0.070533 0.084396 0.054835 0.101321 0.030000 0.044540 0.081502 0.030000 0.091184 0.044104 0.030000 0.036287 0.030186 0.030346 
0.895216 0.059398 0.102857 0.036758 0.045069 0.037904 0.042426 0.041770 0.239367 0.055888 0.086236 0.030000 0.071930 0.030000 0.030000 0.030000 0.030198 0.030199 
0.870534 0.067687 0.063221 0.071940 0.045472 0.094277 0.098344 0.039970 0.064785 0.045879 0.054044 0.084912 0.043938 0.030000 0.047985 0.060416 0.032986 0.054144 
0.857476 0.039568 0.073713 0.121697 0.114050 0.072140 0.080065 0.116815 0.086128 0.030000 0.050745 0.030000 0.030000 0.034658 0.030000 0.030000 0.030038 0.030383 
0.784825 0.071736 0.066958 0.052857 0.075513 0.052342 0.083412 0.061279 0.079412 0.047230 0.064356 0.077789 0.049876 0.095452 0.030000 0.030000 0.030161 0.031629 
0.773052 0.062252 0.080804 0.042331 0.048636 0.075945 0.075531 0.046587 0.095481 0.085242 0.062721 0.040091 0.041100 0.123179 0.030000 0.030000 0.030053 0.030047 
0.698654 0.044261 0.124815 0.046389 0.110038 0.075429 0.059586 0.139245 0.056119 0.046614 0.048796 0.042529 0.042635 0.042788 0.030000 0.030000 0.030489 0.030266 
0.688175 0.065752 0.105656 0.086528 0.034886 0.081677 0.090518 0.049758 0.089102 0.054169 0.032800 0.030000 0.030000 0.051556 0.030000 0.106906 0.030545 0.030148 
0.668176 0.056769 0.063978 0.084943 0.042083 0.094210 0.112282 0.097869 0.039523 0.090095 0.093363 0.043186 0.030000 0.030000 0.030000 0.030000 0.031302 0.030398 
0.658153 0.048314 0.118275 0.061294 0.100976 0.079450 0.079971 0.094143 0.030000 0.101629 0.074456 0.030000 0.030000 0.030000 0.030000 0.030000 0.030397 0.031096 
0.648281 0.041603 0.075553 0.071794 0.095991 0.112135 0.058830 0.057975 0.030000 0.066156 0.030000 0.179644 0.030000 0.030000 0.030000 0.030000 0.030236 0.030082 
0.602278 0.065503 0.090003 0.100774 0.101778 0.081797 0.115275 0.076030 0.030000 0.039041 0.055778 0.062714 0.030000 0.030000 0.030000 0.030000 0.030592 0.030715 
0.593243 0.089139 0.040785 0.150902 0.091280 0.049521 0.089575 0.149276 0.030000 0.030000 0.030000 0.069384 0.030000 0.030000 0.030000 0.030000 0.030138 0.030000 
0.584345 0.055451 0.042681 0.088159 0.073075 0.038090 0.051512 0.083657 0.073932 0.102402 0.030000 0.070957 0.030000 0.103646 0.030000 0.057455 0.037518 0.031465 
0.565205 0.055699 0.090191 0.063355 0.094749 0.033501 0.114372 0.117371 0.043923 0.059897 0.097967 0.030000 0.030000 0.047095 0.030000 0.030000 0.031390 0.030487 
0.556727 0.053047 0.058692 0.044669 0.102457 0.030000 0.095929 0.107829 0.120373 0.067726 0.104195 0.030000 0.030000 0.030000 0.030000 0.030000 0.032367 0.032715 
0.548376 0.037962 0.032747 0.107525 0.059571 0.050428 0.054327 0.094114 0.058287 0.030000 0.032313 0.256400 0.030000 0.030000 0.030000 0.030000 0.035815 0.030511 
0.521939 0.070521 0.056942 0.036715 0.045713 0.118447 0.030000 0.030000 0.030000 0.209528 0.030000 0.113286 0.030000 0.075481 0.030000 0.030000 0.030089 0.033277 
0.514110 0.084269 0.081208 0.117071 0.084288 0.084765 0.030000 0.031393 0.056856 0.066139 0.030000 0.077308 0.030000 0.105842 0.030000 0.030000 0.030271 0.030589 
0.498783 0.050518 0.104849 0.062771 0.087582 0.098601 0.051230 0.087540 0.113144 0.102692 0.030000 0.030000 0.030656 0.030000 0.030000 0.030000 0.030120 0.030297 
0.491301 0.074427 0.105155 0.092151 0.105467 0.122417 0.030000 0.078099 0.065559 0.068692 0.030000 0.030000 0.046993 0.030000 0.030000 0.030000 0.030364 0.030677 
0.483932 0.063581 0.099993 0.130169 0.131062 0.102068 0.032367 0.031857 0.116514 0.030000 0.030000 0.030000 0.051902 0.030000 0.030000 0.030000 0.030160 0.030327 
0.476673 0.040411 0.051587 0.065651 0.081850 0.077438 0.347384 0.030000 0.030000 0.030000 0.030000 0.030000 0.030000 0.034632 0.030000 0.030000 0.030763 0.030284 
0.469522 0.075255 0.138106 0.119207 0.127974 0.030011 0.056234 0.030000 0.110179 0.032353 0.068492 0.030000 0.030000 0.030000 0.030000 0.030000 0.031852 0.030338 
0.462480 0.074566 0.085678 0.107174 0.078014 0.169554 0.101210 0.036167 0.030000 0.030000 0.076158 0.030000 0.030000 0.030000 0.030000 0.030000 0.030415 0.031063 
0.455542 0.062057 0.129493 0.095399 0.071105 0.083582 0.108671 0.032498 0.067098 0.031635 0.067502 0.030000 0.030000 0.068691 0.030000 0.030000 0.031592 0.030675 
0.448709 0.080409 0.167615 0.127456 0.054335 0.030000 0.169026 0.030000 0.066808 0.030000 0.030000 0.030000 0.030000 0.030000 0.030000 0.030000 0.030925 0.033426 
0.441979 0.080642 0.107720 0.082790 0.243284 0.030000 0.058937 0.030000 0.030000 0.030000 0.030000 0.095616 0.030000 0.030000 0.030000 0.030000 0.030331 0.030680 
0.413786 0.075436 0.151651 0.052031 0.153284 0.095189 0.114093 0.030000 0.030000 0.030000 0.055241 0.030000 0.030000 0.030000 0.030000 0.030000 0.031132 0.031942 
0.407579 0.050960 0.075875 0.113505 0.055127 0.053759 0.035861 0.274840 0.030000 0.055382 0.030000 0.042084 0.030000 0.030000 0.030000 0.030000 0.031153 0.031455 
0.393568 0.117033 0.089451 0.147561 0.036204 0.036008 0.056590 0.040778 0.030000 0.164629 0.030000 0.030000 0.061216 0.036942 0.030000 0.030000 0.033130 0.030459 
0.387665 0.081581 0.127330 0.186865 0.138011 0.030000 0.057937 0.033964 0.030000 0.048269 0.030000 0.030000 0.050967 0.030000 0.030000 0.030000 0.031697 0.033380 
0.381850 0.078096 0.065092 0.107439 0.039576 0.030000 0.088810 0.030000 0.190048 0.126784 0.030000 0.030000 0.030000 0.030000 0.030000 0.030000 0.031207 0.032948 
0.362117 0.056069 0.127750 0.182407 0.059795 0.030000 0.057377 0.030000 0.064337 0.037024 0.087226 0.030000 0.065010 0.048650 0.030000 0.030000 0.033209 0.031147 
0.356685 0.066287 0.115583 0.081361 0.082588 0.097047 0.053875 0.030000 0.068263 0.147771 0.041767 0.030000 0.030000 0.030000 0.030000 0.030000 0.030488 0.034969 
0.351335 0.084940 0.064705 0.165801 0.052389 0.034654 0.040401 0.155482 0.030000 0.070134 0.030000 0.090004 0.030000 0.030000 0.030000 0.030000 0.030253 0.031238 
0.346065 0.053906 0.082702 0.061933 0.069986 0.032743 0.030000 0.066430 0.172443 0.038211 0.051584 0.060505 0.121082 0.030000 0.030000 0.030000 0.035829 0.032646 
0.334996 0.065907 0.116151 0.077528 0.037936 0.057423 0.042755 0.082096 0.065576 0.059216 0.046662 0.047515 0.046358 0.116648 0.046271 0.030000 0.030774 0.031185 
0.329971 0.072305 0.090661 0.119695 0.086048 0.102291 0.046513 0.102526 0.041629 0.032472 0.055399 0.049037 0.030000 0.046648 0.030000 0.030000 0.033031 0.031743 
0.325022 0.079461 0.082956 0.054247 0.069401 0.054453 0.038299 0.108902 0.077674 0.035071 0.030000 0.059292 0.132675 0.051562 0.030000 0.030000 0.033816 0.032191 
0.320146 0.078966 0.101217 0.090013 0.088563 0.052156 0.055091 0.109805 0.131014 0.030000 0.030000 0.037891 0.036240 0.030000 0.030000 0.030000 0.038097 0.030947 
0.315344 0.058127 0.132094 0.046118 0.105220 0.095676 0.067166 0.114323 0.040768 0.030000 0.030000 0.098749 0.030000 0.030000 0.030000 0.030000 0.030254 0.031506 
0.304454 0.051963 0.082060 0.126255 0.139708 0.067430 0.040205 0.063579 0.081142 0.030000 0.030000 0.043417 0.030000 0.093482 0.030000 0.030000 0.030361 0.030399 
0.299887 0.055109 0.148946 0.065973 0.046471 0.088374 0.030000 0.103210 0.190827 0.030000 0.030000 0.030000 0.030000 0.030000 0.030000 0.030000 0.030649 0.030443 
0.295389 0.056088 0.066461 0.071825 0.070849 0.074584 0.185521 0.058308 0.069571 0.068854 0.067454 0.030000 0.030000 0.030000 0.030000 0.030000 0.030255 0.030231 
0.290958 0.067381 0.150672 0.129948 0.153922 0.030000 0.068202 0.055972 0.030000 0.030000 0.042270 0.030000 0.030000 0.030000 0.030000 0.030000 0.050352 0.041281 
0.286594 0.082841 0.119232 0.119337 0.116256 0.136991 0.076027 0.030000 0.030000 0.030000 0.030000 0.030000 0.030000 0.030000 0.030000 0.030000 0.038049 0.041269 
0.282295 0.131359 0.078244 0.073076 0.156980 0.046363 0.030000 0.030000 0.050622 0.030000 0.030000 0.030000 0.030000 0.030000 0.030000 0.030000 0.082021 0.111335 
